41 50 74 19 33 87 35 44 50 55 12 7 21 61 50 33 3 77 67 9 22 69 71 79 74 6 10 9 46 47 59 50 31 79 23 48 58 46 81 47 39 63 35 61 58 24 56 68 93 55
35 37 69 71 57 94 52 57 49 13 41 123 85 43 30 65 117 117 87 22 79 2 10 37 63 74 32 16 43 56 59 70 23 19 73 4 4 56 42 35 31 68 65 0 66 59 40 4 69 84
60 69 45 58 55 99 56 47 39 12 57 85 27 36 32 33 61 43 109 32 37 38 0 72 35 88 57 58 19 69 24 16 91 59 17 34 71 39 68 31 33 79 12 161 13 24 34 97 61 20
43 43 53 34 6 7 95 47 63 21 28 82 39 34 55 7 38 72 85 51 51 26 24 27 41 60 64 33 88 83 31 35 84 52 15 65 74 44 74 88 11 39 82 48 43 95 84 63 64 14
61 20 70 41 95 8 30 10 55 95 70 30 55 35 70 21 43 82 23 102 32 61 64 118 43 62 29 59 29 9 37 37 47 95 75 65 61 46 26 65 71 51 12 66 57 23 55 13 36 50
24 19 50 32 51 55 38 30 108 75 17 33 46 33 41 107 33 44 14 65 91 43 75 32 55 55 82 79 70 119 83 3 44 2 86 82 67 65 64 47 32 64 46 3 51 64 56 50 51 20
88 89 114 55 76 63 42 36 61 58 41 13 137 29 51 23 91 85 0 127 50 77 54 35 73 41 54 73 19 69 48 16 76 43 14 77 85 26 42 18 28 49 32 18 1 11 80 31 109 52
40 26 21 35 48 60 106 30 33 71 30 51 33 98 37 51 4 31 74 86 48 50 56 10 70 40 105 58 12 43 91 49 62 62 22 22 36 71 81 49 47 25 50 61 72 44 48 47 33 110
48 47 29 45 70 48 45 17 33 51 16 41 44 74 67 65 103 56 63 14 47 49 86 81 26 16 30 43 70 50 62 29 84 74 55 24 80 89 85 52 48 31 49 5 22 5 3 67 38 1
58 89 68 71 101 5 31 13 53 11 28 21 23 40 7 55 83 29 58 50 64 29 75 60 3 30 2 50 82 43 37 38 65 48 47 70 33 85 25 55 17 64 32 10 34 1 68 22 79 104
