67 37 25 79 14 33 28 98 58 57 17 48 31 18 127 7 48 58 78 54 17 80 106 64 33 42 63 31 105 84 96 3 28 92 8 39 58 56 100 47 14 47 83 59 76 59 77 63 40 61
58 78 75 48 27 60 31 90 47 50 108 57 35 42 74 77 48 25 46 26 89 86 57 45 60 20 57 54 30 52 44 33 68 58 52 25 67 10 41 89 83 97 37 74 59 58 61 51 64 108
36 61 37 93 59 35 24 49 85 60 31 65 67 102 39 92 79 72 95 9 9 67 85 11 15 44 56 44 70 40 65 82 81 76 66 48 77 93 96 39 70 12 66 35 84 23 87 27 51 75
53 22 79 81 64 16 48 31 72 30 44 80 103 12 79 13 51 45 115 25 85 22 76 76 59 50 35 49 84 2 20 78 43 51 19 63 52 68 37 33 57 83 58 69 24 48 43 20 74 3
3 38 27 63 51 77 42 54 24 45 22 66 19 28 61 19 57 63 30 41 0 67 73 47 79 78 92 42 69 47 43 58 63 53 70 26 72 56 30 74 20 70 22 62 54 52 57 7 9 73
96 21 76 39 59 73 67 27 78 25 39 19 80 73 76 88 55 94 134 1 48 44 39 56 81 23 35 52 55 90 48 75 49 36 87 15 23 32 69 15 40 34 7 115 47 24 69 55 38 86
63 77 21 94 44 26 40 44 67 38 26 87 29 87 59 80 40 57 57 57 38 3 26 19 34 115 26 62 57 27 60 64 66 20 44 4 57 58 24 17 52 41 63 89 84 6 20 38 41 87
24 27 25 14 18 50 65 11 57 11 24 63 55 68 26 65 62 79 59 69 22 28 30 13 78 59 36 20 44 94 40 73 74 53 32 76 46 62 39 81 39 65 22 78 62 82 51 58 93 82
40 44 17 33 86 80 59 57 72 46 61 24 50 16 65 62 25 35 19 51 37 30 28 3 16 94 13 36 116 93 39 38 114 61 100 52 67 68 47 83 51 22 72 68 60 41 76 69 33 31
72 39 131 1 52 2 63 55 5 54 66 44 21 65 54 84 72 21 29 5 72 17 10 32 23 32 31 67 97 54 29 90 45 75 60 51 22 91 38 90 78 34 37 50 60 50 75 72 69 59
