100 30 30
99 76 8 1
94 36 6 1
9 95 12 1
91 13 13 25
95 74 11 1
49 46 12 0
78 33 8 1
36 96 17 9
15 94 9 25
70 73 11 4
77 46 9 0
56 66 9 0
2 39 7 0
96 61 11 4
32 97 5 9
69 94 13 0
39 7 8 25
29 70 9 16
39 86 13 0
77 41 13 0
31 73 6 25
66 32 9 4
15 94 8 16
19 97 12 4
95 95 14 4
61 20 2 4
62 58 14 16
58 27 16 16
45 85 10 4
42 11 14 0
86 38 5 25
34 74 11 0
88 59 13 4
57 24 14 9
21 26 5 4
3 70 10 9
37 18 10 25
70 21 10 9
21 54 14 16
13 99 19 16
28 26 5 9
71 47 4 9
72 40 6 4
20 24 13 25
45 14 14 4
91 66 8 16
35 25 6 16
16 45 9 0
40 38 7 25
13 39 7 1
56 93 16 9
43 81 6 9
19 33 9 9
48 46 15 1
24 52 15 25
27 74 15 9
51 20 12 25
25 46 10 25
35 8 13 1
61 60 4 25
83 64 10 16
97 12 9 1
96 13 10 0
52 83 14 1
8 61 10 1
84 22 10 0
23 47 14 9
12 12 14 1
71 39 14 9
84 5 12 16
67 68 2 16
80 6 18 16
86 64 2 16
9 23 16 9
4 39 8 9
61 55 11 25
93 88 11 0
31 31 14 9
3 35 11 9
56 56 15 1
37 18 10 9
71 78 11 25
7 98 5 16
50 68 12 1
98 100 15 1
42 74 10 1
68 91 14 4
53 73 18 16
55 10 14 4
33 16 14 16
99 53 9 1
46 27 14 1
62 35 13 4
6 93 8 1
4 16 9 9
59 51 11 4
26 50 14 1
94 46 11 9
16 65 13 9
89 15 7 1
93 63 7960 440 0.341375466873869 250 5 0.841621233572914
17 33 5188 763 0.179421727906447 250 7 0.841621233572914
73 38 1012 410 0.302799899505917 250 2 0.841621233572914
14 39 1003 858 0.248432958533522 500 1 0.841621233572914
75 98 7794 675 0.345540571836755 100 1 0.841621233572914
83 74 7538 879 0.443082985286601 100 6 0.841621233572914
71 35 8378 800 0.0906435373960994 500 6 0.841621233572914
23 84 1004 715 0.0969058703328483 250 2 0.841621233572914
31 30 7763 833 0.038291515992023 250 3 0.841621233572914
79 55 8357 1053 0.129298021593131 250 6 0.841621233572914
69 90 4561 681 0.205967210063245 100 2 0.841621233572914
17 79 4842 781 0.310210668295622 100 4 0.841621233572914
91 19 8097 879 0.0522134473524056 100 6 0.841621233572914
12 30 7845 994 0.272148674549535 100 6 0.841621233572914
49 46 1013 495 0.290369731271639 500 2 0.841621233572914
62 29 8239 569 0.333470660743769 250 6 0.841621233572914
32 83 7731 988 0.400780078556854 100 7 0.841621233572914
33 48 7866 815 0.168773704906926 100 7 0.841621233572914
71 76 8040 981 0.315759069297928 500 4 0.841621233572914
22 97 964 945 0.153103888125625 250 6 0.841621233572914
68 21 1019 1018 0.367981101500336 500 5 0.841621233572914
33 5 5186 453 0.388416914010886 250 1 0.841621233572914
71 24 5079 932 0.0727757446654141 500 2 0.841621233572914
66 9 4942 1026 0.480217258064076 500 2 0.841621233572914
67 38 7826 1068 0.405778397109825 100 2 0.841621233572914
96 53 5256 392 0.239198945842218 250 7 0.841621233572914
13 14 4748 608 0.35664949139813 100 3 0.841621233572914
87 25 7981 895 0.314109693891369 100 6 0.841621233572914
44 49 1019 757 0.0607187624461949 100 2 0.841621233572914
44 8 8224 792 0.329391711978242 100 6 0.841621233572914
5000 17 50
350 16 50
350 16 30
350 17 35
1000 15 35
350 19 65
350 17 30
350 16 55
1000 13 50
5000 17 30
1000 13 50
1000 17 35
1000 20 65
1000 19 45
5000 12 30
5000 10 30
1000 12 60
5000 14 65
5000 11 45
1000 12 50
1000 16 65
1000 12 60
5000 14 60
1000 17 30
1000 17 65
350 13 35
5000 13 70
1000 13 25
5000 19 45
5000 18 65
