100 10 10
39 98 5 1
63 78 9 16
81 72 12 4
90 99 9 1
100 64 10 16
74 72 16 9
89 2 11 25
11 57 21 9
26 64 12 0
23 97 12 4
75 34 4 16
86 99 13 0
84 5 13 1
25 34 6 0
72 88 12 1
93 70 12 25
70 8 11 0
43 27 10 0
7 64 11 4
82 11 17 25
48 40 14 1
89 94 7 9
38 41 13 16
72 81 13 9
41 39 10 25
83 13 16 16
59 31 5 16
37 29 11 4
65 88 7 16
19 43 11 4
78 51 10 1
14 52 8 9
42 57 14 9
13 49 13 1
27 67 15 9
71 54 17 9
55 26 19 9
79 4 12 16
51 82 15 25
60 12 11 0
31 86 6 16
48 51 8 4
50 54 7 4
36 40 12 1
75 78 7 16
17 19 16 1
53 83 12 1
4 8 6 4
86 67 14 9
99 38 13 9
54 29 11 0
74 43 9 0
36 66 6 4
46 5 6 1
49 83 6 1
28 62 9 16
6 61 9 1
71 99 9 4
72 36 9 25
22 96 7 0
41 42 8 1
85 17 3 4
87 43 15 1
54 2 8 1
67 59 14 9
41 37 7 9
56 7 6 1
6 50 12 16
72 78 9 9
57 44 17 16
67 49 8 16
80 58 8 1
9 81 13 1
46 13 16 16
58 49 9 1
87 47 7 9
66 96 14 1
66 66 8 1
82 8 13 16
11 1 7 4
60 95 4 9
55 96 13 1
69 49 12 9
41 34 1 4
68 36 12 9
16 59 8 9
41 30 8 25
88 58 15 9
49 23 2 16
24 21 14 1
44 10 9 1
11 51 13 4
8 36 11 16
13 52 12 0
86 63 6 9
17 84 15 4
14 23 7 1
26 7 11 1
7 16 12 1
8 83 13 16
25 83 4888 911 0.0986011779471301 100 1 0.841621233572914
99 68 4624 851 0.22728513896931 100 4 0.841621233572914
55 4 1013 1015 0.297253971411847 250 5 0.841621233572914
42 5 7598 359 0.13194629970938 250 3 0.841621233572914
84 59 5351 588 0.31252747756429 500 3 0.841621233572914
91 41 5356 540 0.43991757301148 250 2 0.841621233572914
48 97 981 767 0.0812349566211924 100 3 0.841621233572914
94 9 8330 611 0.130504624738824 100 7 0.841621233572914
65 72 985 453 0.0692695371177979 500 4 0.841621233572914
24 21 7436 707 0.172848172059748 100 1 0.841621233572914
1000 19 55
5000 15 25
5000 18 45
5000 13 50
350 13 40
350 19 55
1000 14 70
350 18 65
1000 13 60
5000 17 40
