100 30 30
69 66 12 4
65 61 7 1
31 63 13 9
52 30 7 9
69 87 18 16
71 57 13 1
29 96 16 25
63 66 6 9
8 28 9 1
44 3 11 9
7 74 8 1
28 24 4 9
63 63 14 1
75 39 11 1
23 72 11 1
91 70 11 9
98 39 6 9
14 4 4 9
2 47 11 16
68 5 18 25
8 95 6 9
68 59 8 9
51 84 8 16
39 70 11 25
20 92 13 4
34 70 15 16
17 30 11 4
10 87 11 1
62 91 9 9
78 25 18 16
44 32 13 4
94 72 13 1
32 20 6 0
60 4 0 25
71 45 7 16
51 58 15 0
66 57 14 4
19 98 7 4
8 16 11 16
17 2 5 25
8 29 12 9
67 96 12 4
86 19 5 4
70 96 9 0
94 3 10 4
88 30 11 16
86 74 11 16
39 2 9 9
45 67 16 4
69 52 9 9
85 76 14 1
38 50 8 1
47 58 9 16
4 32 7 9
85 9 6 16
51 31 14 16
5 60 7 9
13 7 6 16
42 54 1 25
6 22 9 25
11 40 14 16
84 95 11 9
31 6 10 9
32 14 16 16
64 22 15 25
16 52 15 9
77 33 15 0
25 59 13 9
64 72 4 1
45 2 9 0
85 25 13 16
29 44 12 1
68 82 6 4
14 40 9 1
5 13 15 9
57 5 13 4
40 58 10 16
14 67 8 0
84 76 3 9
65 86 11 0
97 71 11 9
15 81 9 4
84 81 1 16
47 41 15 4
32 22 13 9
71 34 7 4
44 35 9 9
78 50 7 9
45 85 10 1
84 6 7 9
46 34 13 16
3 36 10 9
52 20 11 1
93 23 6 1
51 31 16 9
30 56 8 0
76 44 8 4
44 98 6 16
15 5 17 16
84 32 8 9
36 73 7433 591 0.0451513675972819 250 3 0.841621233572914
27 88 7659 996 0.332596389194951 250 3 0.841621233572914
20 68 4586 620 0.366760158922989 500 7 0.841621233572914
3 30 5360 836 0.246788163993042 100 6 0.841621233572914
79 22 7819 427 0.0675248534115963 250 3 0.841621233572914
34 14 4826 808 0.390174915287644 500 7 0.841621233572914
77 96 1046 792 0.266427983038593 250 4 0.841621233572914
87 66 8372 524 0.427144763413817 250 5 0.841621233572914
85 80 994 468 0.228293551509269 500 4 0.841621233572914
87 83 4842 524 0.121425170563161 100 3 0.841621233572914
59 4 5341 394 0.400193801892456 250 2 0.841621233572914
24 27 7987 339 0.297334148550872 100 3 0.841621233572914
91 63 948 676 0.200234963577241 500 3 0.841621233572914
93 26 8270 504 0.165845787683502 250 7 0.841621233572914
59 49 4661 894 0.481919626018498 500 7 0.841621233572914
60 24 989 518 0.107819370394573 500 2 0.841621233572914
87 62 1039 675 0.0645835552574135 250 7 0.841621233572914
77 64 8013 629 0.460199035033584 100 7 0.841621233572914
58 21 8139 585 0.290258687317837 100 5 0.841621233572914
55 51 4801 676 0.0421216407045722 250 3 0.841621233572914
9 30 7815 394 0.141982285361737 500 2 0.841621233572914
49 10 982 402 0.373005819481332 100 4 0.841621233572914
98 10 4869 767 0.47638565242989 250 3 0.841621233572914
16 88 8593 742 0.286915216129273 500 7 0.841621233572914
22 52 8385 635 0.0355152860493399 250 3 0.841621233572914
55 83 7942 543 0.49289959924994 500 7 0.841621233572914
99 45 8154 455 0.0814580184593797 500 7 0.841621233572914
14 90 1016 491 0.18392064987449 500 7 0.841621233572914
2 81 1006 538 0.383905516758095 250 3 0.841621233572914
50 10 1008 720 0.0629196043778211 500 4 0.841621233572914
350 17 75
5000 19 55
350 19 35
1000 19 50
350 18 45
350 11 70
350 15 60
5000 19 30
1000 13 45
350 13 30
5000 16 60
5000 11 70
350 13 70
350 20 35
5000 15 50
1000 17 45
350 16 50
5000 15 40
350 13 50
1000 19 50
350 16 25
1000 15 25
5000 15 40
5000 18 40
350 18 65
1000 13 45
1000 15 75
1000 18 55
5000 13 40
1000 13 50
