1000 50 50
64 5 11 9
27 13 13 16
28 47 14 0
42 21 13 9
65 60 13 1
100 96 7 4
13 42 6 0
55 67 10 9
24 41 11 9
50 98 12 1
50 16 8 0
12 66 9 4
50 30 13 9
38 62 10 16
84 8 13 1
4 25 7 4
78 15 14 1
16 32 9 9
3 41 15 4
12 44 14 16
20 57 13 1
20 29 14 1
21 71 12 0
27 96 6 4
90 63 10 1
24 62 9 25
80 26 7 16
91 82 6 9
54 32 6 9
86 87 9 4
99 38 7 9
33 20 4 9
83 56 25 25
52 67 13 9
43 86 17 9
68 3 9 9
49 92 11 25
70 91 13 4
14 9 13 9
95 48 3 16
80 93 12 1
18 74 16 16
9 67 13 0
83 84 10 1
49 67 12 0
59 98 11 1
67 49 5 16
66 11 12 1
96 78 7 1
43 51 6 4
9 49 15 16
30 63 7 1
13 29 11 4
41 42 14 1
74 61 8 0
38 25 8 1
84 40 19 16
32 33 16 16
69 90 8 4
74 7 13 25
33 90 12 4
37 28 8 1
57 8 9 4
35 76 7 1
28 19 11 0
48 70 9 0
27 70 8 0
56 49 7 9
93 18 6 0
20 94 18 4
73 74 6 16
53 33 10 16
48 47 12 4
30 41 7 1
27 3 11 0
27 82 10 4
12 74 6 1
25 81 8 16
99 49 10 4
43 88 2 9
22 21 15 9
21 21 14 1
32 77 14 4
10 88 14 25
47 65 24 16
91 44 5 1
46 20 8 9
72 42 14 0
87 96 14 16
34 4 8 4
65 10 9 1
39 73 11 0
43 15 13 1
87 41 6 1
6 78 15 25
97 40 17 25
33 82 14 1
5 24 12 4
75 17 6 0
57 27 16 16
92 11 8 16
11 13 7 16
80 91 9 16
78 23 7 4
84 16 16 9
2 33 9 9
30 52 5 16
85 82 8 9
28 15 16 25
92 17 6 0
66 39 15 1
16 63 11 0
13 51 12 9
94 60 5 25
68 61 9 1
24 45 5 1
59 80 10 9
61 24 5 1
41 11 12 9
83 40 13 9
5 40 15 0
55 100 12 16
35 2 9 9
62 18 13 9
80 91 13 25
24 97 2 16
43 82 10 1
42 16 13 0
7 75 13 4
50 51 6 9
36 38 12 1
92 54 23 25
92 96 10 25
71 49 9 1
42 30 13 16
18 87 6 0
38 73 12 25
94 42 10 16
11 62 11 9
32 89 15 25
37 73 12 9
64 3 7 1
19 6 12 1
96 61 11 16
43 88 8 16
30 72 11 1
86 34 9 9
94 27 13 4
93 26 3 9
11 44 9 25
75 57 6 1
37 4 15 4
2 38 16 25
44 42 5 9
77 7 10 4
93 13 6 1
84 39 14 4
51 93 6 4
84 63 5 16
56 5 9 4
8 82 4 9
8 22 9 4
26 94 15 9
34 5 5 4
27 20 8 1
70 96 12 1
73 63 8 4
60 31 14 1
17 86 6 16
4 74 10 16
51 87 9 1
84 11 6 0
70 29 9 1
70 78 12 1
5 72 6 16
23 18 12 4
12 67 15 1
7 88 8 4
43 87 6 1
12 14 1 9
2 28 13 0
24 58 9 1
33 95 12 4
91 45 22 16
42 70 15 1
58 28 10 9
58 22 10 16
30 66 12 4
56 23 12 4
67 52 12 0
12 80 12 4
27 33 7 1
77 57 12 9
67 71 17 4
17 16 16 9
76 61 6 0
55 57 13 1
27 37 12 9
76 13 16 9
64 35 6 1
19 13 13 4
80 58 14 25
83 97 13 1
39 84 11 9
17 41 11 4
80 82 5 1
75 30 11 1
52 51 6 1
68 43 12 1
57 98 9 9
23 10 10 9
57 60 9 25
51 18 13 16
27 45 13 1
96 72 13 1
4 48 8 16
52 60 21 25
78 15 5 4
34 86 13 16
77 86 13 4
9 55 10 1
90 26 15 9
55 82 9 1
87 32 10 16
40 55 7 1
11 34 5 4
31 55 9 1
45 83 9 9
9 21 13 9
85 64 11 9
29 94 7 1
96 78 8 9
6 2 6 4
14 31 13 1
84 23 11 4
85 48 6 25
10 92 9 9
24 93 3 9
8 10 10 16
54 49 10 1
90 83 18 16
18 93 12 1
9 37 11 16
95 87 13 1
29 15 12 16
88 48 14 25
71 82 12 9
64 40 9 16
16 41 12 25
25 58 10 16
57 10 5 4
65 92 13 9
29 82 8 16
4 97 12 4
60 31 8 25
89 38 17 25
60 56 13 16
21 13 6 0
56 52 19 25
83 83 13 9
50 78 13 1
86 71 7 9
7 10 18 16
90 23 10 9
36 99 7 1
86 45 11 1
59 21 15 9
2 75 9 4
61 96 3 9
31 3 6 4
91 85 7 4
75 78 12 4
44 38 6 16
3 33 10 0
63 71 6 16
46 12 17 9
1 54 15 4
29 22 21 25
82 48 11 9
89 63 3 16
65 96 2 16
28 70 7 9
76 29 10 1
75 62 7 25
76 21 8 9
14 4 9 1
89 43 10 0
87 69 9 9
82 93 2 16
12 28 10 1
19 16 7 25
18 8 7 0
96 97 5 4
42 63 6 25
47 38 7 16
18 23 10 4
53 27 15 1
12 80 14 16
58 92 7 1
19 86 5 9
55 21 11 16
75 69 7 0
56 67 12 9
12 72 9 16
75 74 6 16
41 10 8 16
20 43 8 4
6 22 10 9
39 72 5 1
65 63 13 1
41 30 11 1
80 42 9 1
29 53 7 4
51 14 7 16
64 8 17 16
97 97 5 9
33 62 4 25
49 83 10 0
85 11 9 4
49 11 7 1
63 58 16 16
43 79 14 0
67 30 6 16
80 93 12 9
95 28 9 16
60 58 10 16
22 94 14 4
46 4 7 1
58 79 10 4
37 79 9 4
54 89 8 4
86 54 6 9
24 24 8 1
56 74 8 16
41 48 4 9
62 36 16 1
59 19 11 4
21 55 9 1
8 85 11 9
16 2 14 4
99 96 12 4
40 23 15 9
83 55 6 9
82 98 9 9
4 91 9 4
45 70 11 4
88 91 13 0
23 86 13 25
34 9 2 16
4 57 2 9
98 68 12 4
98 24 8 16
13 55 9 4
10 20 12 1
88 75 16 4
46 34 6 1
10 81 14 16
67 92 10 0
13 54 13 0
69 63 8 1
72 26 13 4
44 43 16 16
62 11 14 16
23 24 10 4
57 55 6 0
15 51 8 16
45 33 7 9
95 84 18 25
9 73 14 0
89 72 9 1
29 87 9 25
21 26 9 1
24 64 11 16
55 78 13 25
43 15 10 0
43 24 7 1
55 35 12 1
3 20 10 16
7 10 6 1
75 50 7 1
93 81 12 0
38 52 15 4
9 11 4 16
96 48 12 16
50 73 7 9
81 95 18 4
15 54 10 4
52 12 11 16
90 5 2 16
45 7 15 25
50 51 9 9
85 90 16 4
19 59 6 9
79 67 11 16
39 94 6 0
32 79 4 16
86 27 11 4
99 27 7 0
24 68 9 9
22 71 14 1
3 2 5 1
100 91 8 25
51 70 7 9
26 54 4 9
60 92 10 1
9 23 6 1
6 73 3 16
78 67 12 25
97 24 11 4
52 89 6 9
9 3 15 16
93 43 11 25
64 97 10 0
88 8 12 4
73 3 4 16
42 45 11 1
63 72 12 1
89 66 16 16
60 36 16 25
32 84 8 9
7 22 19 16
69 50 8 0
97 95 8 4
13 21 16 16
52 84 8 9
46 37 5 16
79 97 14 16
36 99 7 16
77 58 10 1
42 83 9 16
24 91 14 9
60 93 6 1
82 98 6 1
44 45 5 25
15 49 5 1
32 43 7 0
33 21 16 4
13 68 10 9
99 86 7 4
30 21 10 0
45 36 13 0
41 13 13 25
47 49 8 4
63 42 15 4
94 10 13 25
45 89 7 9
8 29 15 9
21 46 9 1
40 50 19 16
82 82 6 4
54 28 12 0
86 75 7 4
84 27 13 0
92 39 7 0
80 70 9 1
83 95 6 4
27 18 9 16
50 17 5 0
28 25 20 16
80 34 10 4
52 47 15 9
48 14 8 0
76 19 11 16
91 12 13 1
43 28 8 1
22 2 6 1
47 64 10 1
21 89 2 4
65 31 7 4
30 5 15 4
1 63 11 1
80 34 13 0
47 61 11 1
50 93 14 16
98 92 4 9
20 88 14 4
31 90 2 16
52 59 14 9
59 67 18 4
39 90 17 4
97 93 14 4
14 3 9 1
50 9 12 0
89 43 12 9
62 96 10 9
58 67 16 9
79 54 18 16
55 10 14 4
6 52 14 9
51 6 5 9
99 12 14 16
19 95 6 4
67 41 9 9
13 7 12 1
98 31 12 4
37 30 13 4
68 65 21 9
53 3 11 16
29 42 14 1
58 67 13 0
84 43 11 1
86 77 6 16
55 72 15 25
3 48 5 9
80 3 5 9
13 83 3 25
9 98 8 4
37 21 12 9
67 27 10 9
48 61 15 25
67 93 11 16
77 21 14 9
58 76 10 9
96 55 6 4
26 66 9 25
57 13 7 16
13 64 6 0
73 78 15 16
57 22 15 4
20 20 13 1
49 75 9 1
21 20 12 16
37 91 12 1
70 41 8 1
8 26 13 4
57 78 12 9
93 86 10 4
49 19 17 25
68 69 15 25
11 100 10 16
89 54 11 16
40 47 18 16
45 63 14 16
1 80 13 9
67 29 9 16
48 4 12 9
15 54 15 16
74 94 4 4
86 9 10 4
37 44 0 25
86 16 14 4
13 60 7 9
37 5 15 4
6 75 14 4
19 2 7 9
7 48 14 1
62 39 8 16
61 71 6 1
50 23 11 16
78 73 15 16
30 83 18 16
4 5 12 1
2 24 5 9
83 12 16 25
42 90 4 16
54 60 13 9
31 35 12 1
29 78 10 4
64 96 8 1
18 48 9 9
74 16 1 9
19 7 7 4
33 73 12 9
86 26 9 1
28 22 7 4
47 35 7 1
61 15 9 16
26 14 7 1
73 43 1 9
54 95 10 1
98 78 16 4
87 19 16 1
16 11 6 16
89 30 6 4
63 72 5 4
98 84 12 0
85 21 5 1
34 92 6 16
40 12 12 9
92 98 11 4
59 87 7 9
5 16 9 9
21 25 8 4
86 89 14 9
9 62 9 16
59 54 5 9
48 43 11 1
54 85 9 4
12 61 8 4
23 85 14 9
43 55 7 9
70 35 10 1
76 75 8 16
7 31 10 4
92 65 7 1
75 99 18 25
84 68 8 1
10 6 8 1
15 8 14 4
59 12 9 16
60 43 12 16
33 63 3 9
92 47 13 1
8 96 12 1
31 91 7 1
39 28 13 16
92 22 16 4
25 12 7 16
21 66 6 1
33 83 13 16
73 52 14 16
57 80 10 16
69 96 4 4
13 50 8 0
63 54 13 0
94 54 11 4
79 41 16 16
16 54 14 9
50 49 5 1
88 95 8 25
30 13 7 25
19 26 11 1
36 24 13 4
59 33 9 0
12 10 4 4
44 56 5 25
47 60 8 25
48 1 14 1
83 79 5 16
34 85 15 1
42 9 8 4
29 69 8 1
94 37 7 1
3 33 16 16
84 50 10 1
50 51 12 4
63 18 13 4
95 12 10 4
31 64 7 9
77 72 8 16
52 81 8 16
7 31 17 16
95 26 3 4
92 68 11 1
49 14 6 9
21 65 13 16
16 18 6 4
8 80 1 25
30 93 5 16
91 73 10 9
24 64 11 9
65 59 6 9
49 54 17 9
70 24 10 16
26 44 3 16
81 25 8 0
23 95 6 4
66 87 8 9
10 95 8 16
58 67 3 16
11 66 10 9
15 51 6 16
14 76 14 9
97 49 5 4
89 28 14 9
13 68 14 16
83 53 8 1
69 4 20 9
24 72 10 4
34 69 8 16
22 97 10 0
71 50 2 4
20 85 7 4
87 4 11 1
40 28 8 1
27 45 23 25
33 73 16 4
41 9 6 4
71 80 10 25
21 66 5 4
67 73 5 9
71 59 14 0
2 40 15 1
82 95 5 4
34 4 14 1
35 9 10 4
13 58 10 0
81 46 11 16
3 64 7 9
40 60 9 4
55 12 15 0
89 18 8 1
51 10 15 25
18 96 10 16
51 73 6 25
94 2 16 1
58 92 15 0
86 67 14 16
85 83 11 16
12 77 2 9
22 38 7 1
64 25 8 16
14 32 17 1
43 66 16 25
69 85 12 9
64 89 13 4
15 87 9 4
10 20 8 4
37 21 18 9
39 22 11 25
72 24 4 9
33 61 7 1
39 39 8 4
90 79 2 16
10 42 5 25
70 4 13 16
95 67 14 0
40 100 7 4
82 87 10 4
94 94 12 9
19 82 8 1
81 69 15 4
9 64 12 0
29 74 12 1
96 65 14 1
39 5 13 1
4 46 6 0
56 51 8 16
6 55 8 0
85 8 8 4
53 94 10 1
75 99 8 25
22 28 16 9
89 77 17 9
75 43 17 25
23 21 14 0
76 81 8 16
5 43 9 4
69 29 7 16
47 20 14 16
6 3 15 1
22 52 9 4
64 80 6 4
14 82 8 9
77 82 8 4
75 31 15 25
40 46 10 4
33 83 14 9
9 18 12 16
42 40 7 9
52 17 13 9
96 35 12 16
14 9 17 16
7 98 11 9
88 72 12 4
83 20 11 9
38 77 7 0
49 80 8 1
26 80 9 4
45 55 6 16
52 96 7 25
83 88 12 16
76 69 3 9
77 4 7 0
5 22 9 1
63 46 10 25
90 35 16 16
37 65 19 9
84 34 19 4
41 92 15 4
78 95 10 9
39 55 9 9
29 25 3 9
50 8 2 25
87 50 7 1
64 22 9 9
3 93 10 16
97 70 13 16
19 89 11 1
94 79 8 16
27 77 11 4
38 58 10 16
92 61 10 4
62 92 6 1
3 56 13 9
40 71 15 4
52 98 9 16
54 2 7 16
23 2 2 16
47 63 6 16
69 70 11 4
93 65 13 4
53 20 13 1
84 37 10 1
99 95 9 16
67 48 9 16
38 58 13 16
79 85 12 4
20 3 9 9
98 53 6 9
92 70 7 9
20 90 8 0
12 52 12 1
4 21 14 1
43 21 10 9
15 72 13 1
21 63 5 1
93 20 6 25
22 9 8 9
33 92 9 1
16 54 13 1
81 82 13 25
37 63 13 9
75 47 6 0
82 75 5 25
36 24 6 4
32 91 4 16
73 82 14 9
31 75 5 9
61 68 4 9
58 24 9 16
80 96 16 4
86 39 10 9
22 78 10 16
7 33 9 4
96 51 11 1
48 24 6 0
54 8 13 1
78 77 15 25
70 92 7 4
65 40 9 16
23 56 12 1
54 48 6 0
36 3 14 1
79 82 7 16
48 94 8 0
53 3 11 16
64 12 9 1
64 100 5 4
44 17 10 4
12 16 12 0
99 59 6 1
62 1 11 1
15 8 13 4
74 89 7 16
85 3 1 16
42 92 14 16
8 49 13 4
91 69 16 16
75 68 10 9
5 15 4 9
35 57 11 0
67 49 10 16
5 95 11 1
55 10 15 25
12 48 7 25
79 82 15 1
21 31 1 16
72 31 3 9
13 21 10 0
20 50 11 1
26 34 7 1
38 98 12 16
10 67 10 9
74 39 6 0
57 36 11 25
12 79 9 25
83 26 15 9
20 68 9 4
33 85 10 4
44 91 15 9
56 49 7 16
71 18 8 25
98 62 8 16
64 62 4 4
63 51 13 9
75 72 7 9
9 67 1 16
31 36 13 0
34 79 4 4
17 69 8 4
72 17 14 1
31 52 15 9
2 12 5 16
17 46 15 1
43 23 14 4
69 99 14 1
56 88 9 1
15 47 11 16
70 80 2 25
29 24 12 4
69 82 9 0
12 55 8 9
61 92 19 25
87 48 7 9
87 37 1 25
68 87 6 0
67 45 7 1
37 87 10 0
4 97 14 1
45 3 4 9
91 40 7 9
68 32 13 9
27 73 7 9
80 49 18 25
89 23 12 9
4 99 9 1
47 63 16 16
82 99 8 25
98 41 8 16
7 42 9 25
22 44 12 25
25 18 13 4
6 54 7 16
8 73 4 16
84 54 5 16
27 26 4 1
24 25 11 1
40 9 11 4
44 87 6 9
46 11 5 4
41 71 15 1
86 92 13 4
4 85 3 9
9 11 15 4
54 89 9 1
97 63 8 1
99 55 4 25
56 43 4 4
57 78 10 1
57 91 11 4
59 27 11 16
61 80 18 16
95 88 16 4
100 55 0 9
45 6 3 16
100 98 16 16
76 71 9 1
84 98 13 4
75 56 13 4
18 69 8 4
39 97 6 0
73 63 7 1
30 31 9 16
14 82 10 9
44 12 9 1
18 22 9 16
34 41 8 9
32 1 7 16
53 47 10 16
54 95 14 1
93 10 13 4
60 98 9 4
53 9 14 16
35 91 8 4
24 41 17 16
98 42 9 4
38 19 17 4
36 12 10 4
52 51 11 1
17 30 2 16
71 71 13 4
8 98 1 25
84 6 13 16
64 62 8 1
39 94 16 9
36 83 13 4
79 98 4 16
9 87 7 4
60 7 13 16
34 68 15 9
29 19 12 9
86 42 12 25
99 73 6 16
26 66 9 9
20 75 8 25
70 85 11 4
2 26 8 1
82 98 12 25
33 64 3 16
6 68 15 4
30 75 7 1
61 93 5 1
76 23 5 1
58 83 2 25
28 56 15 1
27 21 6 25
27 89 10 9
1 64 13 1
64 13 12 9
27 5 15 0
7 89 13 0
64 52 21 16
49 34 9 16
78 63 10 1
47 3 6 9
78 68 14 4
42 16 10 9
8 58 9 1
67 3 10 25
36 41 4719 3635 0.0592212057462893 250 1 1.2815515655446
40 80 7827 3753 0.31661335414974 100 6 1.2815515655446
7 14 8009 6747 0.422995468408335 100 1 1.2815515655446
33 64 8138 9352 0.320964829046279 500 5 1.2815515655446
55 35 993 5682 0.268415172067471 500 4 1.2815515655446
49 56 5036 4258 0.106020925391931 500 7 1.2815515655446
59 57 7660 4123 0.42335352151189 100 5 1.2815515655446
81 2 4806 7289 0.28061123770196 500 4 1.2815515655446
4 44 989 7085 0.227377015422098 100 5 1.2815515655446
3 27 7747 9088 0.216827835433651 500 4 1.2815515655446
85 58 5132 4080 0.302323228989262 250 3 1.2815515655446
70 71 992 5041 0.13214164030971 100 5 1.2815515655446
30 90 5291 8614 0.409006431042217 100 6 1.2815515655446
92 82 987 9207 0.426083577952813 100 2 1.2815515655446
57 9 7915 8654 0.129225480617024 100 7 1.2815515655446
43 70 1005 9819 0.0411039093998261 500 2 1.2815515655446
98 9 8128 7858 0.211903943999205 250 5 1.2815515655446
71 2 1017 9797 0.39910401285626 250 3 1.2815515655446
41 24 7752 4895 0.289750332103576 500 1 1.2815515655446
54 7 4837 4373 0.426028103851713 500 3 1.2815515655446
32 76 5101 6047 0.214144331451971 100 5 1.2815515655446
21 41 1009 4908 0.0550984586658888 500 7 1.2815515655446
93 80 5028 5145 0.111828569096979 250 6 1.2815515655446
72 42 999 8958 0.283359146837611 100 6 1.2815515655446
32 96 977 8977 0.325773939916398 250 4 1.2815515655446
10 54 967 3390 0.486335842129774 500 1 1.2815515655446
34 64 5039 6032 0.394489440571051 500 4 1.2815515655446
4 3 4999 10055 0.46329202134395 250 1 1.2815515655446
68 65 989 6103 0.165194371039979 500 2 1.2815515655446
4 22 5397 3628 0.435992151708342 100 3 1.2815515655446
75 69 1004 8795 0.497538598261308 500 5 1.2815515655446
57 88 4812 5816 0.20297347658081 500 6 1.2815515655446
27 4 4858 10046 0.12506681639934 500 1 1.2815515655446
71 39 987 8640 0.0860637434059754 100 5 1.2815515655446
84 18 7974 7741 0.0503195812273771 100 3 1.2815515655446
75 14 8326 5060 0.224819697716739 500 2 1.2815515655446
52 96 5200 9103 0.369364022302907 250 2 1.2815515655446
20 9 4906 9107 0.333960742941126 100 4 1.2815515655446
73 16 8015 7414 0.235170883745886 100 2 1.2815515655446
39 79 7706 7843 0.0558071018289775 100 7 1.2815515655446
39 63 996 8591 0.0425030682515353 500 3 1.2815515655446
80 83 988 7926 0.35830040309811 100 1 1.2815515655446
80 92 5265 9128 0.191116214913782 500 3 1.2815515655446
53 66 971 9950 0.403644073104952 250 6 1.2815515655446
92 52 8172 9291 0.318869230162818 250 3 1.2815515655446
89 97 8602 7177 0.418363816663623 500 4 1.2815515655446
33 94 1056 9132 0.157342390795238 100 7 1.2815515655446
70 39 4711 8120 0.0488437394588254 500 1 1.2815515655446
78 58 8122 9523 0.396374836345203 500 2 1.2815515655446
65 54 7601 8068 0.423752329780255 500 3 1.2815515655446
1000 16 65
5000 11 40
350 11 65
5000 16 65
5000 12 55
5000 12 65
5000 12 30
5000 15 70
1000 17 45
5000 16 65
350 11 70
350 11 40
1000 18 65
5000 12 65
1000 18 75
1000 11 45
1000 16 60
350 18 60
1000 12 50
5000 13 35
5000 15 60
5000 16 75
350 13 40
1000 16 50
1000 15 40
350 17 25
350 20 45
1000 12 50
5000 17 30
350 19 70
1000 15 45
350 13 25
5000 13 30
1000 15 70
5000 19 55
1000 11 50
1000 10 50
350 13 75
1000 12 55
350 16 50
5000 17 40
350 12 25
1000 16 30
1000 19 60
5000 15 25
1000 14 55
1000 11 55
1000 10 45
5000 17 30
5000 19 75
