100 20 20
31 14 6 4
41 8 17 9
11 56 6 16
92 69 9 4
8 74 12 9
10 67 7 16
85 86 15 4
3 41 6 9
87 88 10 4
39 8 6 9
87 82 12 4
87 45 7 16
62 9 13 1
38 87 9 0
7 70 10 1
37 26 14 16
52 42 7 9
52 68 2 9
74 5 7 9
65 81 2 25
49 39 10 1
87 46 14 25
33 34 9 0
95 73 9 4
76 91 9 25
15 77 10 16
64 63 9 0
100 99 15 9
25 79 14 16
82 19 7 4
55 7 4 4
73 40 5 4
5 63 20 16
83 59 9 4
9 98 12 4
28 17 7 25
3 40 4 16
54 46 6 1
30 18 10 9
34 93 6 1
57 38 9 4
92 75 12 9
72 39 14 1
85 53 2 25
55 79 12 9
84 45 13 4
31 12 6 1
4 42 6 9
20 39 13 16
30 26 10 1
94 84 7 4
46 48 13 4
3 35 6 4
42 89 13 25
76 43 8 16
52 87 6 0
3 11 9 25
64 28 5 9
51 98 13 16
33 12 13 0
25 14 11 1
47 4 11 9
49 22 7 0
39 13 11 4
92 66 8 4
30 97 11 0
46 97 12 1
28 35 11 4
26 88 9 16
84 88 13 1
22 85 11 9
99 80 11 25
26 4 8 16
29 78 14 0
23 48 6 1
82 45 13 1
87 30 6 0
41 57 5 1
70 78 12 4
70 22 1 25
42 71 11 4
94 87 9 9
27 94 6 0
53 90 8 1
48 83 3 9
6 75 18 16
38 75 10 1
83 50 7 0
12 93 7 1
33 77 8 4
62 17 9 4
65 35 6 1
42 22 10 1
61 55 16 9
99 92 11 9
33 50 9 0
84 65 4 1
64 73 10 1
88 32 9 4
6 62 15 0
42 73 4743 827 0.21729635119671 500 1 0.2533471031358
79 8 4767 435 0.342830657155719 250 4 0.2533471031358
44 34 4858 367 0.222861971291713 500 4 0.2533471031358
1 99 4996 465 0.136735267397016 250 4 0.2533471031358
75 69 4768 766 0.303114500313532 250 4 0.2533471031358
45 41 4930 572 0.380014558371622 500 5 0.2533471031358
51 47 7672 380 0.229238046079408 100 2 0.2533471031358
57 35 4756 325 0.282770525298547 250 7 0.2533471031358
29 38 1032 554 0.477650827213656 100 2 0.2533471031358
73 64 1004 403 0.0400086817820556 250 1 0.2533471031358
38 2 5259 635 0.120143109683413 250 3 0.2533471031358
84 83 7935 786 0.411722034025006 250 6 0.2533471031358
57 70 960 627 0.328863775725476 100 6 0.2533471031358
2 31 7785 622 0.397824472486973 500 1 0.2533471031358
14 36 7858 838 0.102148350109346 250 1 0.2533471031358
7 41 7255 534 0.043945596232079 250 5 0.2533471031358
42 18 4877 634 0.0944765385962091 100 3 0.2533471031358
4 89 7778 584 0.238712911256589 250 4 0.2533471031358
56 12 997 920 0.269533021466341 250 3 0.2533471031358
25 57 5040 889 0.372309186961502 500 1 0.2533471031358
350 15 50
350 16 70
1000 17 45
5000 11 45
350 17 50
5000 11 75
5000 18 35
350 16 35
1000 13 70
1000 19 30
5000 10 45
5000 18 45
5000 14 50
1000 14 65
350 19 70
1000 19 60
1000 11 65
350 13 55
5000 12 60
350 10 30
