100 30 30
86 15 16 16
92 88 10 4
49 67 16 9
61 72 14 4
19 56 12 4
53 7 10 4
26 72 6 1
94 90 7 1
84 32 20 9
36 1 13 4
38 63 12 0
17 90 8 0
17 27 8 4
87 32 13 4
45 17 8 25
6 44 6 4
83 50 7 16
55 39 12 1
93 34 11 16
58 93 14 9
60 86 17 9
59 21 12 1
39 80 15 25
39 47 19 9
81 56 4 16
95 7 2 25
73 7 10 16
48 6 16 16
79 60 14 0
64 47 14 9
85 38 6 1
19 33 10 4
68 71 5 4
75 44 2 4
69 37 13 1
59 55 9 4
37 17 3 16
79 38 12 25
52 45 14 1
15 66 8 25
67 80 3 9
78 24 16 25
63 79 11 16
25 25 5 25
48 15 8 16
98 42 9 9
100 77 14 16
44 71 18 9
83 17 9 4
77 99 13 4
92 16 9 9
1 61 12 1
56 95 9 9
18 8 7 1
60 50 19 25
61 20 11 9
83 76 8 4
66 33 13 1
9 7 14 1
9 13 15 9
25 40 11 1
37 19 6 9
34 44 10 9
69 98 12 16
61 10 10 16
88 56 13 1
6 78 9 4
47 35 14 4
83 62 5 25
14 67 7 25
78 30 10 1
12 14 8 9
62 14 18 9
6 70 7 1
95 44 15 1
93 62 5 4
10 97 20 25
14 71 5 9
73 20 13 1
80 23 11 0
20 10 11 25
33 67 9 9
52 35 14 9
99 34 4 9
21 98 12 16
64 29 10 0
36 63 13 9
85 75 10 4
66 88 13 4
52 74 9 25
94 34 10 16
65 7 11 9
99 42 5 9
10 95 11 1
35 33 12 0
64 44 16 1
27 61 11 16
77 7 7 9
69 20 8 16
12 15 8 9
94 33 1005 860 0.44699566714 250 3 1.2815515655446
13 71 1026 904 0.0510470115114003 500 1 1.2815515655446
18 46 4685 598 0.167922087858897 500 7 1.2815515655446
60 50 4942 406 0.360712132188492 100 1 1.2815515655446
67 57 5232 521 0.0534602025919594 100 3 1.2815515655446
19 44 1013 771 0.182671231208369 250 7 1.2815515655446
89 32 8185 1055 0.0330310048209503 100 4 1.2815515655446
78 40 975 682 0.0731923440191895 100 6 1.2815515655446
83 27 4897 957 0.0439140332210809 100 1 1.2815515655446
40 42 7893 704 0.0615670975670219 250 1 1.2815515655446
95 83 8355 905 0.129451579696033 250 2 1.2815515655446
38 13 1027 949 0.153887938028201 250 3 1.2815515655446
70 7 8206 807 0.303393948792946 100 7 1.2815515655446
19 97 1028 753 0.0646993784746155 500 1 1.2815515655446
74 84 7779 622 0.2647333329916 500 7 1.2815515655446
81 25 8297 644 0.164484677454457 250 3 1.2815515655446
59 36 1011 768 0.307013746958692 500 6 1.2815515655446
90 28 5078 805 0.305044530560263 250 2 1.2815515655446
40 32 1015 738 0.490713806296699 250 5 1.2815515655446
11 39 7846 561 0.185842749262229 250 5 1.2815515655446
15 100 7912 626 0.0578730162931606 250 5 1.2815515655446
25 72 1026 406 0.489875025872607 100 5 1.2815515655446
38 50 7569 367 0.0480010344227776 500 6 1.2815515655446
47 8 8025 1052 0.125836401134729 500 7 1.2815515655446
89 81 5139 671 0.340216151122004 500 3 1.2815515655446
92 74 1039 528 0.148819565852173 250 5 1.2815515655446
9 31 8166 823 0.46818356175907 250 2 1.2815515655446
24 23 7719 664 0.490617251256481 250 1 1.2815515655446
68 18 1034 651 0.0380589155433699 500 7 1.2815515655446
88 21 8079 406 0.211433464617003 100 7 1.2815515655446
5000 15 60
1000 16 25
5000 14 70
350 15 35
350 20 50
5000 15 45
5000 16 70
350 10 70
350 11 50
1000 17 30
5000 20 65
1000 14 60
350 15 55
5000 12 40
350 10 55
350 18 55
1000 17 60
350 11 75
5000 19 25
1000 17 65
5000 17 60
350 11 45
350 14 40
350 18 50
5000 12 30
1000 13 35
5000 15 50
1000 20 50
1000 11 70
350 19 40
