100 30 30
35 30 6 4
36 4 12 9
68 33 10 0
9 59 14 9
76 15 13 1
54 34 14 16
17 84 7 0
81 5 8 9
84 29 5 9
26 98 15 4
16 45 16 16
90 84 8 0
52 60 8 1
41 92 5 4
21 62 8 4
87 51 10 9
43 48 15 16
19 51 6 9
10 89 8 4
8 94 11 4
99 83 4 4
30 52 14 4
38 75 20 16
65 39 10 16
90 67 6 1
18 56 5 9
58 28 4 4
85 98 9 1
74 2 10 4
77 86 6 25
8 72 6 0
18 23 13 4
63 11 16 4
32 34 4 4
13 53 6 25
70 66 8 25
63 57 5 0
19 85 21 16
88 75 12 4
7 42 8 9
72 79 5 16
44 32 11 4
40 76 1 4
98 40 16 16
64 48 16 16
54 3 8 1
56 51 12 0
17 11 13 9
98 70 12 9
73 6 11 4
60 58 5 1
1 78 16 4
23 95 10 0
49 21 14 0
59 64 12 16
61 94 13 4
64 31 12 9
81 60 5 1
21 91 13 1
78 99 9 9
96 48 4 4
21 32 11 9
60 14 10 1
50 95 8 4
84 40 13 16
34 24 9 9
26 43 11 4
72 49 8 25
44 16 8 25
86 73 11 9
18 49 8 0
32 95 10 4
13 79 6 16
68 38 15 4
66 33 14 1
9 92 10 4
4 59 14 1
58 81 4 1
24 77 6 16
27 37 5 4
48 69 4 16
60 64 3 4
55 16 7 4
78 1 3 16
40 59 0 16
43 62 18 9
79 80 12 9
14 91 9 0
24 7 3 16
16 88 13 1
9 96 8 9
70 32 13 9
87 78 7 1
57 29 12 16
94 44 10 1
31 85 7 9
45 62 19 16
87 95 11 4
43 22 12 1
4 7 13 0
79 56 7824 791 0.382424112642184 500 3 0.841621233572914
75 51 5111 762 0.420864679552615 250 3 0.841621233572914
2 27 8108 640 0.220996152835432 100 4 0.841621233572914
10 65 5432 761 0.122474195242394 250 4 0.841621233572914
97 29 995 352 0.196732505662367 100 5 0.841621233572914
78 69 1032 879 0.407864528950304 500 3 0.841621233572914
29 88 5180 575 0.137303193348926 500 1 0.841621233572914
64 51 8020 859 0.22880741774803 250 7 0.841621233572914
71 98 4899 488 0.305557268462144 250 4 0.841621233572914
72 38 5079 843 0.165563462825958 500 1 0.841621233572914
50 75 5075 902 0.295084313862026 250 6 0.841621233572914
93 44 7784 500 0.471402049311437 250 1 0.841621233572914
19 22 5168 769 0.326476805810817 250 7 0.841621233572914
19 99 4721 665 0.113607625002041 250 7 0.841621233572914
44 11 8005 811 0.0973295342945494 250 3 0.841621233572914
26 15 1031 728 0.255174221177585 250 6 0.841621233572914
80 60 8044 335 0.275377573200967 500 4 0.841621233572914
27 58 989 460 0.115657003219239 250 1 0.841621233572914
39 20 4995 466 0.0944557150849141 250 5 0.841621233572914
55 86 8329 877 0.0941204911330715 100 5 0.841621233572914
62 86 4782 769 0.119569992243778 250 6 0.841621233572914
27 62 4886 740 0.480371304117143 500 3 0.841621233572914
8 61 5225 868 0.341469338242896 250 4 0.841621233572914
65 16 1010 449 0.320597828694154 250 7 0.841621233572914
25 100 1040 512 0.323372905130964 500 4 0.841621233572914
99 78 5376 799 0.2060862012906 250 6 0.841621233572914
90 33 4981 677 0.408945145530161 500 7 0.841621233572914
59 35 981 465 0.267745011199731 250 2 0.841621233572914
75 2 8250 397 0.42740889743669 250 7 0.841621233572914
58 40 7826 919 0.456724914340302 500 6 0.841621233572914
350 16 45
350 10 25
350 19 55
5000 18 65
5000 19 40
5000 12 60
5000 20 45
5000 18 30
350 15 40
1000 11 45
350 12 30
1000 17 55
1000 17 75
5000 17 30
350 13 40
5000 18 40
350 12 70
350 19 45
1000 18 65
1000 18 30
5000 15 70
350 11 35
1000 15 55
5000 19 45
1000 16 50
1000 13 50
1000 12 70
5000 11 40
1000 14 75
350 18 45
