100 20 20
65 4 13 9
21 23 9 4
74 41 7 25
55 88 6 4
42 50 11 1
14 9 7 1
19 25 10 4
11 80 7 4
11 27 7 1
75 38 0 16
78 28 5 4
20 39 9 4
65 5 12 9
16 62 5 9
58 2 16 25
42 74 14 4
63 22 8 1
34 40 6 4
64 92 15 1
26 35 11 4
17 83 14 1
46 67 2 16
72 40 5 1
95 93 1 9
51 43 8 9
42 81 11 9
37 99 3 4
57 11 7 16
76 39 13 0
42 19 11 4
17 64 16 16
100 41 6 9
35 36 8 25
67 72 14 25
87 34 11 16
32 7 13 4
90 34 14 0
83 23 2 4
25 79 8 16
46 5 12 0
78 9 11 25
16 33 7 0
75 89 21 25
88 95 6 1
38 78 8 4
79 5 5 1
80 32 10 1
31 69 10 4
4 27 12 9
75 11 6 0
26 65 7 16
26 53 2 9
89 88 5 9
43 66 19 25
25 50 18 9
89 34 6 1
70 15 10 16
83 16 3 16
92 93 2 16
84 11 8 0
92 44 10 1
35 19 8 1
37 16 11 0
58 67 4 16
72 16 10 0
17 81 16 4
72 75 14 4
17 63 9 4
91 48 8 4
70 80 15 4
46 28 15 16
88 29 8 4
6 52 6 9
97 68 5 0
27 51 13 1
84 66 9 1
100 89 9 1
22 19 13 16
83 11 6 0
42 4 13 9
93 93 11 0
87 30 13 9
68 59 8 4
18 38 6 16
51 81 12 9
29 9 12 4
10 91 14 1
52 20 13 1
12 8 11 1
47 10 11 9
59 50 17 9
37 13 11 0
92 30 14 16
38 100 10 16
57 3 9 0
80 29 12 1
2 62 11 16
45 30 11 25
97 52 6 1
6 32 6 1
85 81 7986 616 0.371770387552679 100 1 1.2815515655446
78 69 4960 923 0.184926857391838 500 1 1.2815515655446
39 64 7464 429 0.212201525534037 100 3 1.2815515655446
84 49 5430 754 0.474540413673967 100 3 1.2815515655446
36 11 8137 728 0.0324940125457942 500 1 1.2815515655446
87 85 4790 729 0.489944763788953 250 5 1.2815515655446
29 46 967 798 0.154836395182647 100 2 1.2815515655446
13 89 8196 840 0.475162301398814 500 3 1.2815515655446
7 88 7617 857 0.161131048388779 500 4 1.2815515655446
91 82 7487 896 0.0302487737149932 100 3 1.2815515655446
94 91 5370 843 0.147281595410313 500 4 1.2815515655446
77 65 990 632 0.178676624940708 500 5 1.2815515655446
46 54 5012 796 0.44682456362294 500 5 1.2815515655446
24 17 1022 475 0.129901040890254 100 5 1.2815515655446
37 9 5155 852 0.476899120779708 500 4 1.2815515655446
3 41 8207 417 0.477690128376707 500 7 1.2815515655446
92 48 996 470 0.322005650603678 500 7 1.2815515655446
65 89 8327 709 0.215544450446032 100 6 1.2815515655446
46 48 7473 840 0.142359959555324 500 5 1.2815515655446
82 95 5081 528 0.348499437291175 250 3 1.2815515655446
1000 20 70
5000 16 30
350 12 60
5000 17 70
350 15 65
350 20 35
350 17 35
350 19 45
1000 16 40
350 20 65
5000 11 75
5000 13 75
1000 15 35
5000 17 40
5000 15 35
1000 15 45
1000 13 60
1000 11 50
350 18 25
350 19 55
