100 30 30
29 93 9 1
34 5 16 9
57 100 17 25
90 4 13 9
22 12 12 9
97 45 6 16
53 67 15 25
66 21 11 4
44 21 6 1
1 15 12 25
3 11 10 1
14 87 16 16
19 41 7 16
99 99 16 4
54 48 12 4
35 81 8 1
65 60 1 9
48 45 15 4
72 30 4 25
19 68 10 4
44 39 13 9
75 65 9 25
93 65 2 25
75 91 11 0
62 45 9 0
41 35 5 4
81 97 8 1
91 7 11 4
80 97 15 4
31 29 17 9
34 71 9 9
62 34 7 9
8 88 11 9
75 25 5 9
14 59 7 4
25 32 2 9
9 65 4 9
64 48 13 0
25 98 12 16
26 46 12 0
14 46 7 25
87 20 6 9
65 85 9 1
82 26 4 16
16 80 6 4
44 37 3 9
36 78 14 4
2 2 9 25
37 39 10 9
82 38 10 16
97 7 9 25
85 37 6 25
57 59 13 9
77 92 5 1
57 98 9 9
65 68 8 1
38 95 7 16
86 33 12 4
71 15 20 25
42 41 11 9
92 43 9 9
33 16 17 9
19 46 5 4
62 66 15 16
14 87 9 16
72 11 14 1
66 82 6 9
55 40 18 9
52 10 6 0
80 31 8 4
47 33 7 0
87 76 14 1
67 87 6 16
47 50 12 16
84 73 16 16
52 59 6 1
48 53 7 4
36 53 6 1
58 59 13 4
48 76 6 4
98 80 6 4
63 53 6 1
86 93 7 9
10 86 10 16
81 19 6 25
23 50 5 25
82 84 7 1
91 49 8 16
6 49 10 1
90 67 14 4
45 20 7 9
27 40 8 4
37 5 12 1
87 67 11 0
66 31 11 16
76 79 14 9
52 78 16 16
15 91 8 16
17 69 10 4
60 46 11 9
67 22 1024 474 0.165801453597378 100 7 1.2815515655446
32 82 4856 551 0.158123610171024 250 7 1.2815515655446
98 32 7640 851 0.160790787027217 250 5 1.2815515655446
49 29 999 614 0.453788014631718 100 3 1.2815515655446
83 58 1022 902 0.0425573143246584 500 5 1.2815515655446
38 48 5011 626 0.426905985618942 500 3 1.2815515655446
28 68 8374 652 0.19665969012538 100 4 1.2815515655446
96 17 1040 322 0.09824493952794 500 7 1.2815515655446
69 100 5193 907 0.120739010532852 100 4 1.2815515655446
38 14 8056 478 0.268433544775471 100 5 1.2815515655446
35 62 979 358 0.409005255431402 250 4 1.2815515655446
33 74 1017 908 0.0742429024749435 500 6 1.2815515655446
84 43 992 481 0.313922783809248 100 1 1.2815515655446
95 77 5180 363 0.422069663784932 100 1 1.2815515655446
65 34 972 707 0.275154946786352 100 4 1.2815515655446
71 87 7932 611 0.196415194154251 500 4 1.2815515655446
89 97 980 800 0.333449411329348 500 2 1.2815515655446
26 88 7789 674 0.229482519617304 250 2 1.2815515655446
42 43 8290 356 0.195654636004474 100 2 1.2815515655446
6 50 8085 910 0.356677745124325 250 4 1.2815515655446
89 50 4914 924 0.3860772496555 500 6 1.2815515655446
61 94 8352 332 0.166612116098404 500 6 1.2815515655446
7 92 8088 551 0.160619927321095 250 2 1.2815515655446
47 84 8147 361 0.257497729228344 250 1 1.2815515655446
85 37 8205 915 0.46405723728938 100 5 1.2815515655446
63 5 978 522 0.306283905156888 100 7 1.2815515655446
91 17 1023 404 0.127076501364354 100 7 1.2815515655446
33 13 8330 506 0.196454390373547 500 1 1.2815515655446
67 22 986 915 0.14413333427161 250 7 1.2815515655446
77 67 8092 364 0.272677392682526 250 3 1.2815515655446
5000 12 45
5000 19 65
5000 19 65
350 16 50
350 19 70
1000 11 50
1000 11 40
1000 11 35
350 20 50
5000 11 45
1000 18 50
350 18 30
350 15 25
1000 14 40
1000 16 40
350 10 45
350 17 55
5000 19 40
350 11 55
1000 14 35
1000 20 70
1000 15 65
1000 17 35
350 12 35
1000 15 60
1000 13 35
350 19 70
350 17 25
5000 11 60
1000 10 60
