100 20 20
58 60 15 1
40 43 8 4
61 49 17 16
99 27 2 25
59 83 10 0
3 70 13 9
95 37 5 4
64 51 14 25
67 41 15 16
37 6 11 16
90 56 14 9
22 93 7 0
10 90 8 9
96 76 10 16
94 17 4 4
43 100 16 16
91 52 5 16
89 10 3 9
56 40 12 9
61 50 12 1
9 29 7 4
93 39 13 1
89 30 15 1
51 22 11 1
33 76 13 1
31 58 11 16
9 79 5 16
63 88 13 1
83 66 13 1
28 58 8 1
67 93 12 4
35 30 5 4
28 64 9 1
20 10 10 16
19 47 12 1
99 44 8 25
78 34 9 16
26 59 7 1
92 59 13 16
2 66 14 9
42 8 9 0
59 20 10 1
73 12 8 16
61 77 6 16
82 6 8 4
40 55 13 1
64 14 7 16
22 83 14 16
96 82 21 16
30 64 7 16
38 42 22 25
28 45 19 25
24 90 5 16
22 35 2 16
15 51 8 0
3 74 19 9
77 77 11 25
16 62 11 1
87 35 8 0
83 70 6 0
80 8 5 1
10 73 9 0
34 61 13 1
31 21 9 0
59 72 14 25
55 60 10 1
72 82 7 16
97 38 7 4
93 56 16 25
56 86 10 9
46 22 6 4
13 35 18 16
80 66 4 4
22 39 18 16
38 27 11 0
75 6 5 16
10 50 9 4
61 57 4 9
40 52 9 16
36 49 10 1
93 62 13 25
4 57 10 9
60 38 11 4
92 23 10 4
34 29 9 16
95 47 10 4
86 45 12 1
71 9 5 9
27 9 6 0
93 16 12 0
18 56 12 4
75 65 14 1
15 84 13 16
17 42 1 16
86 36 8 1
47 78 8 4
43 49 13 0
8 33 8 1
48 63 7 1
55 41 14 16
8 82 8516 857 0.446819788080174 500 4 0.841621233572914
79 80 1068 920 0.381039260174148 500 1 0.841621233572914
44 15 1012 734 0.160052523789927 100 1 0.841621233572914
32 36 5211 436 0.135160203659907 100 2 0.841621233572914
7 5 8002 678 0.0560795928328298 500 4 0.841621233572914
18 61 5046 493 0.345971755089704 500 2 0.841621233572914
54 36 5056 533 0.479686320573092 500 4 0.841621233572914
49 99 1004 862 0.0399263883684762 250 6 0.841621233572914
58 27 5038 649 0.120629937967751 100 3 0.841621233572914
46 16 8204 474 0.281530125667341 500 5 0.841621233572914
52 87 4644 430 0.259713549336884 500 7 0.841621233572914
7 49 8488 703 0.14038822702365 500 6 0.841621233572914
11 71 8002 602 0.0447483463678509 100 6 0.841621233572914
91 52 4719 381 0.205524337126408 100 2 0.841621233572914
55 84 8278 832 0.291445323135704 250 5 0.841621233572914
8 15 999 579 0.214575600170065 500 2 0.841621233572914
12 5 7602 709 0.366366574205458 250 4 0.841621233572914
61 61 1002 859 0.176409416315146 250 5 0.841621233572914
30 33 985 830 0.0778474137606099 500 3 0.841621233572914
55 79 4842 794 0.338188963858411 500 2 0.841621233572914
350 11 40
350 13 60
1000 11 70
1000 17 35
1000 13 60
1000 13 30
5000 11 60
350 16 50
1000 15 40
350 14 30
1000 18 35
5000 12 50
5000 11 70
5000 15 65
350 17 55
1000 18 45
5000 18 55
350 12 35
5000 13 35
350 14 55
