100 10 10
30 11 15 9
48 35 18 25
3 22 5 1
72 20 13 1
3 77 5 1
54 6 12 1
32 68 10 16
46 4 12 16
50 41 8 4
88 20 8 1
59 89 16 16
76 58 6 16
85 74 9 4
70 63 6 9
63 72 14 1
41 24 8 16
100 43 25 25
28 36 13 1
56 45 5 4
44 26 6 16
1 70 18 16
9 50 7 9
23 55 14 4
43 16 14 9
87 48 9 0
53 61 6 9
97 58 15 4
17 35 16 1
48 90 11 1
50 34 13 16
43 18 13 16
27 43 15 4
91 82 17 16
42 76 14 25
40 45 4 16
74 86 9 4
57 20 11 1
83 33 0 16
96 21 6 9
18 33 6 4
31 40 6 9
51 16 6 1
17 23 7 1
94 24 11 9
17 18 13 1
7 85 15 9
30 34 7 16
58 52 5 9
58 31 13 9
63 31 7 0
60 77 9 9
30 58 10 4
22 54 13 1
33 97 11 25
83 62 10 16
10 82 14 1
91 68 14 1
92 33 4 25
91 48 16 4
22 92 14 9
29 22 12 9
43 96 3 4
50 86 7 16
44 91 18 9
77 4 12 9
88 61 8 9
63 46 7 9
45 87 14 9
81 28 9 25
36 18 0 16
31 66 10 1
73 95 7 16
36 80 1 25
28 85 8 25
20 53 13 1
79 24 10 4
7 91 8 4
35 27 8 16
56 54 9 0
57 47 8 16
79 22 6 1
27 53 10 16
51 86 9 1
8 82 6 25
89 52 4 25
65 10 14 1
12 89 8 16
70 9 11 9
7 96 7 4
94 78 14 1
44 73 15 1
25 85 10 4
41 72 8 1
49 49 5 1
29 57 4 25
2 35 8 16
58 80 10 4
39 24 11 25
95 76 4 9
53 54 10 1
63 97 977 652 0.438821126448456 250 1 0.841621233572914
83 52 5140 554 0.0542862586677074 500 6 0.841621233572914
8 96 965 704 0.195806586246472 500 1 0.841621233572914
92 8 8116 860 0.360834021242335 250 1 0.841621233572914
22 82 7815 935 0.0463916627224535 250 7 0.841621233572914
76 59 1000 883 0.0736181497527286 100 2 0.841621233572914
90 28 4808 691 0.249483342010062 500 6 0.841621233572914
83 16 7404 898 0.315140400687233 500 1 0.841621233572914
78 44 4949 789 0.146099427964073 100 5 0.841621233572914
47 64 4655 831 0.045226043232251 250 4 0.841621233572914
1000 14 45
5000 12 50
5000 13 60
5000 19 50
5000 14 50
350 19 70
350 15 75
5000 14 50
350 15 50
1000 16 45
