100 10 10
94 65 16 1
30 59 14 9
11 26 5 9
72 67 11 9
63 64 15 9
13 55 5 9
30 97 1 25
71 68 17 4
42 74 9 4
28 91 10 1
99 66 5 9
53 33 6 9
86 69 12 0
83 20 8 16
41 73 10 4
58 95 5 9
83 10 8 1
57 24 5 1
37 82 12 4
27 49 1 25
97 32 7 9
22 62 11 16
86 14 7 4
89 73 10 16
74 35 14 16
83 39 7 4
23 48 14 9
26 85 4 9
96 60 16 9
35 37 2 4
19 23 8 1
48 29 6 1
76 44 5 16
23 76 11 25
66 85 4 9
47 5 15 4
74 14 15 25
25 93 7 25
23 38 10 4
26 100 7 4
96 70 13 1
49 2 11 0
46 28 10 9
86 1 13 9
89 27 7 4
11 16 9 1
81 98 12 4
41 13 18 16
39 86 14 25
88 44 12 1
69 100 5 4
44 15 9 16
46 98 12 4
12 45 11 0
58 1 14 1
44 98 16 16
57 33 8 9
4 22 14 9
65 32 0 16
28 4 10 9
37 10 17 9
65 58 8 4
3 85 7 4
42 18 6 1
27 48 9 16
62 38 10 1
71 13 5 9
88 91 6 9
22 45 13 1
88 28 10 16
93 62 6 1
83 79 14 16
42 93 7 1
46 29 13 4
71 78 8 1
62 86 7 1
44 71 14 16
83 92 6 0
11 25 10 16
35 98 10 1
6 60 11 1
6 76 6 4
33 75 13 16
55 96 14 16
51 64 15 0
17 86 4 25
46 78 8 9
80 92 2 16
83 46 4 9
88 88 13 4
82 22 8 4
3 40 19 16
82 89 9 1
44 81 14 25
52 21 16 25
30 13 5 1
34 12 4 1
28 61 3 4
90 23 10 4
61 89 12 1
87 69 966 734 0.0419104135455564 500 7 1.2815515655446
40 59 4931 618 0.319603729322553 250 1 1.2815515655446
51 58 990 390 0.210182865196839 250 7 1.2815515655446
31 83 952 478 0.387640170885716 100 7 1.2815515655446
12 65 999 330 0.140830226596445 500 7 1.2815515655446
46 46 7926 469 0.222768240978476 100 2 1.2815515655446
30 28 5340 862 0.282084808570798 500 6 1.2815515655446
41 39 8219 848 0.0878671189048328 250 7 1.2815515655446
73 75 994 712 0.344163290311117 250 4 1.2815515655446
42 80 8095 333 0.489257697893772 100 7 1.2815515655446
1000 18 50
1000 11 35
5000 10 45
350 15 70
1000 14 65
1000 12 55
5000 20 70
1000 13 50
350 11 60
5000 17 70
