100 10 10
30 64 13 16
65 2 7 0
92 2 9 4
56 30 7 16
10 46 12 9
29 45 12 16
89 11 2 9
82 74 12 1
49 95 12 1
17 62 16 9
67 19 7 1
19 77 15 4
28 49 12 25
63 74 12 1
6 94 6 1
45 27 1 25
37 62 6 4
71 2 7 25
87 42 11 25
75 38 13 0
99 26 2 9
19 35 11 1
25 31 12 25
46 88 8 9
51 88 6 9
51 96 6 16
56 6 13 9
68 20 7 9
96 70 8 16
31 71 11 16
39 66 9 4
75 73 10 1
70 94 6 1
66 26 9 4
1 77 7 4
86 89 10 4
89 61 6 0
29 96 17 9
32 86 16 25
66 80 2 25
23 30 12 1
61 98 15 0
58 8 8 16
65 38 17 25
62 57 1 9
27 85 15 9
95 72 11 9
84 15 4 4
37 63 20 25
16 50 5 16
87 87 10 9
64 44 0 9
81 40 4 1
41 94 11 16
80 58 11 0
19 96 8 25
99 99 6 1
12 63 17 4
39 79 7 16
86 27 12 4
64 26 8 1
10 13 9 16
47 85 16 25
19 96 10 16
88 43 5 9
97 76 7 1
69 3 7 0
20 6 14 1
84 64 16 9
21 11 14 16
66 47 11 25
7 2 8 9
8 67 13 25
94 55 0 16
26 84 12 16
41 80 14 9
70 59 11 4
45 64 8 9
46 91 13 16
32 80 8 9
44 40 9 1
51 25 13 16
48 57 5 0
27 45 11 1
62 2 13 0
10 94 15 4
56 51 13 9
84 72 16 4
20 52 7 1
78 96 6 0
5 5 11 0
43 97 15 25
75 50 12 1
52 17 18 9
36 5 4 9
88 92 9 1
9 54 9 1
67 70 9 16
66 94 9 25
31 63 11 1
58 21 5164 447 0.405255765824113 250 4 1.2815515655446
60 3 962 515 0.241451019367669 500 7 1.2815515655446
4 72 7929 661 0.232095127142966 500 5 1.2815515655446
93 99 4905 980 0.116957336021587 250 2 1.2815515655446
71 37 4900 847 0.423071546503343 250 1 1.2815515655446
96 13 8339 345 0.389402608908713 100 3 1.2815515655446
28 8 7283 704 0.323970072856173 500 7 1.2815515655446
64 78 8284 707 0.451353486045264 250 6 1.2815515655446
51 37 1042 537 0.208823203169741 100 7 1.2815515655446
79 74 8010 904 0.0521681896736845 250 5 1.2815515655446
1000 11 65
5000 11 70
5000 17 55
5000 11 50
5000 13 60
1000 12 65
5000 13 60
5000 14 60
5000 18 70
5000 17 30
