100 10 10
99 38 2 25
88 87 6 4
89 83 11 16
82 96 5 25
4 61 7 9
2 23 13 1
38 82 15 25
80 95 8 0
58 88 16 4
24 68 10 4
36 55 12 9
9 85 10 16
11 90 9 4
28 10 10 4
14 91 9 4
23 33 13 4
30 73 7 25
13 3 15 16
94 18 9 4
98 74 11 25
25 99 14 16
23 17 9 4
23 28 14 1
59 14 8 1
35 26 14 0
53 89 9 0
82 86 11 9
20 73 10 0
9 94 6 16
59 41 8 16
35 58 8 25
9 52 0 9
48 37 10 4
98 9 11 4
65 22 5 16
31 77 8 16
56 20 12 4
7 73 5 25
82 32 2 16
53 90 7 16
6 61 13 0
93 99 9 4
97 52 8 0
66 20 15 1
14 49 13 9
13 17 4 1
45 27 8 16
74 95 4 9
83 51 14 4
17 72 5 25
79 13 7 9
89 39 8 9
77 16 4 16
85 55 16 25
51 20 1 16
33 58 5 16
79 25 2 9
67 90 16 25
80 25 11 16
16 45 11 4
30 75 7 1
56 21 8 1
52 15 9 4
7 86 8 1
86 32 14 9
91 60 15 9
62 47 10 1
86 49 9 25
67 54 11 25
100 88 1 25
75 34 3 16
29 9 5 9
84 84 17 25
96 75 13 4
61 53 8 1
99 50 4 25
68 76 14 0
81 72 11 1
42 75 18 16
40 65 16 9
41 94 12 4
3 80 14 16
31 57 4 9
7 32 7 25
11 57 11 1
73 35 9 4
90 89 7 9
35 5 6 0
77 88 7 1
91 24 9 9
16 90 5 1
73 12 14 4
10 16 10 16
21 3 17 4
96 54 8 1
34 47 10 4
61 72 8 0
64 23 6 9
95 53 9 16
74 55 6 0
29 79 8037 899 0.353888846205082 100 2 1.2815515655446
47 38 7561 350 0.480523652795237 250 1 1.2815515655446
70 35 982 526 0.0765877938829362 250 1 1.2815515655446
75 47 5117 525 0.269169554403052 100 1 1.2815515655446
30 3 1022 855 0.397464967241976 250 1 1.2815515655446
12 92 990 743 0.330129324104637 250 1 1.2815515655446
55 63 4835 536 0.264103454768192 250 4 1.2815515655446
35 48 986 827 0.139085128915031 250 3 1.2815515655446
6 90 7961 506 0.348678290231619 500 4 1.2815515655446
21 42 4682 356 0.11900818082504 500 5 1.2815515655446
350 12 30
5000 19 50
5000 11 30
1000 13 70
350 17 50
1000 17 60
350 16 50
350 19 50
350 12 60
1000 11 30
