100 20 20
35 88 17 25
17 81 9 4
56 92 14 1
76 35 9 9
96 28 11 4
66 90 7 0
44 88 5 9
58 54 10 16
24 64 18 16
35 92 11 25
94 99 12 0
29 76 15 1
93 34 10 9
99 34 2 4
52 55 14 16
2 7 5 9
22 32 8 1
15 62 14 1
42 45 14 16
41 11 10 1
78 49 4 9
6 14 9 0
54 38 8 25
56 99 6 16
68 86 8 4
42 16 6 16
58 69 8 1
42 85 13 1
4 57 3 9
80 53 6 16
19 88 16 1
65 90 12 9
11 87 11 1
38 83 9 9
10 15 12 0
81 61 3 25
9 95 11 1
31 33 9 1
63 97 4 4
3 19 10 4
95 80 17 16
49 2 11 4
86 75 14 9
64 86 10 9
75 6 9 4
25 76 10 0
85 22 11 9
42 85 9 9
56 70 16 4
8 95 1 25
19 41 9 1
8 16 11 4
64 37 6 9
66 50 6 4
33 28 7 1
17 34 14 4
48 8 13 16
84 43 14 16
58 56 5 4
35 76 15 25
27 14 12 16
18 37 8 1
53 26 9 1
25 76 6 16
75 16 6 1
21 53 9 1
70 99 4 16
52 8 5 0
81 83 11 1
35 11 13 16
46 73 14 4
70 13 12 1
72 47 7 9
24 21 15 16
81 7 4 4
58 78 3 4
11 81 10 4
69 74 10 9
64 74 6 1
74 33 12 4
11 11 13 9
66 58 9 1
69 17 12 4
37 67 10 1
52 61 11 1
6 60 14 1
27 45 14 4
25 71 14 16
62 51 7 1
52 50 12 4
89 25 13 9
17 9 15 16
7 80 6 9
2 66 12 1
6 28 10 16
17 48 12 1
78 76 14 4
69 73 8 0
39 32 1 16
66 22 16 16
89 15 4989 752 0.193003410927486 500 3 0.2533471031358
40 19 1008 632 0.139850797136314 100 7 0.2533471031358
82 73 7668 438 0.470580700275023 100 5 0.2533471031358
57 96 8322 758 0.34681728966767 250 4 0.2533471031358
50 54 980 525 0.13642775910208 250 1 0.2533471031358
84 5 1013 720 0.450265809344128 500 2 0.2533471031358
4 91 5048 677 0.308639671101701 100 7 0.2533471031358
31 26 980 816 0.187525111697614 500 3 0.2533471031358
65 86 1040 704 0.30790635565063 100 5 0.2533471031358
44 48 986 864 0.49956591848284 500 4 0.2533471031358
70 83 5071 835 0.338015631900635 500 6 0.2533471031358
83 61 4783 723 0.20329165127594 250 6 0.2533471031358
32 45 7977 687 0.0815143072698265 500 1 0.2533471031358
88 99 4862 664 0.430860376213677 250 2 0.2533471031358
79 57 1026 807 0.370075811918359 250 1 0.2533471031358
9 61 7828 986 0.470563460281119 500 6 0.2533471031358
93 99 987 416 0.426518257397693 250 3 0.2533471031358
89 79 1025 756 0.374757043514401 100 4 0.2533471031358
81 68 5421 735 0.226290345152374 250 2 0.2533471031358
77 49 1010 348 0.418425095609855 500 2 0.2533471031358
350 18 70
1000 20 35
1000 16 55
350 14 75
5000 13 50
5000 19 55
5000 12 65
5000 18 35
1000 18 70
350 12 70
1000 18 60
5000 11 30
5000 20 45
1000 16 65
5000 19 60
1000 16 30
5000 10 55
1000 11 70
5000 15 40
1000 13 55
