100 10 10
27 51 8 4
8 10 12 16
57 13 14 4
36 68 2 25
50 18 13 9
29 45 4 9
37 33 10 25
87 19 13 4
59 90 3 25
66 38 12 4
23 89 17 9
36 36 5 1
3 92 10 9
9 4 8 1
88 90 8 1
84 43 15 0
6 80 15 9
81 11 7 9
43 9 14 0
38 58 11 4
55 51 8 16
14 89 11 4
33 60 10 4
5 69 7 0
28 75 2 4
52 63 10 0
98 95 6 16
86 20 12 4
100 69 12 0
76 38 10 1
40 24 10 1
46 17 0 16
27 78 7 4
36 74 7 25
89 20 8 4
31 19 3 16
81 89 9 0
41 44 13 9
93 36 7 4
75 3 10 1
41 41 10 4
21 41 13 1
80 24 7 9
70 9 12 0
76 84 8 1
56 91 11 0
64 96 18 16
46 1 10 1
75 35 5 4
71 67 14 16
69 36 1 9
22 90 5 16
17 16 18 16
93 98 10 4
73 55 11 16
52 47 13 1
61 9 5 16
50 22 14 16
65 42 10 16
69 23 9 16
85 3 11 1
61 67 6 1
36 55 1 16
68 12 12 9
75 1 4 16
33 17 4 4
67 18 10 4
87 62 12 16
19 67 10 1
27 27 8 16
31 14 8 4
9 79 7 16
28 19 14 16
41 88 10 1
11 97 0 25
70 13 10 25
87 89 9 4
43 88 11 16
61 94 11 4
59 58 12 1
31 50 9 25
42 86 9 9
47 19 9 1
68 76 9 9
8 57 8 4
38 8 13 16
49 33 11 1
62 95 12 4
60 13 22 9
82 17 6 0
65 87 7 4
93 46 16 9
38 6 11 9
49 91 8 16
4 27 13 0
57 65 8 1
46 44 14 4
84 11 8 4
75 98 13 1
14 84 5 9
87 64 983 705 0.0852886550873518 250 1 0.2533471031358
36 11 1036 653 0.176632579704747 100 5 0.2533471031358
69 67 7718 538 0.101466169734485 500 2 0.2533471031358
1 18 7812 864 0.41991917504929 500 5 0.2533471031358
10 34 5189 533 0.454029933845159 100 6 0.2533471031358
5 7 7813 590 0.468773106343579 250 2 0.2533471031358
95 8 4961 822 0.178820675292518 100 3 0.2533471031358
55 64 1017 609 0.24322858231375 250 6 0.2533471031358
97 35 4770 785 0.408467567726038 250 2 0.2533471031358
22 70 965 495 0.375025505619124 250 2 0.2533471031358
5000 12 70
350 14 40
350 10 35
5000 18 50
1000 13 35
1000 12 55
350 13 55
350 19 50
1000 20 50
350 17 65
