100 20 20
36 27 7 4
81 59 10 16
74 11 6 0
34 72 17 16
84 98 3 16
34 78 14 16
88 99 6 9
88 17 3 25
3 40 7 9
34 41 9 16
40 36 14 4
68 18 1 16
76 59 3 25
21 89 4 9
40 29 12 9
99 60 13 9
26 22 11 9
99 58 13 16
76 48 12 1
27 53 12 16
59 39 14 25
15 10 11 9
92 24 5 1
23 66 11 4
68 59 7 9
13 12 6 1
60 74 13 1
59 31 9 9
87 39 8 4
90 72 11 16
48 60 15 0
46 72 2 4
50 44 16 9
91 11 6 1
96 95 13 4
71 3 19 9
11 11 9 1
59 9 14 9
96 38 8 9
49 96 13 25
40 41 5 9
84 29 11 1
22 20 15 25
70 19 10 1
11 21 19 9
9 23 7 16
83 36 16 9
84 34 11 16
17 36 11 1
13 48 6 16
85 21 19 16
98 54 12 4
17 93 17 9
16 38 16 25
20 21 9 1
87 27 8 1
32 21 9 4
88 14 16 16
3 40 10 1
29 92 12 16
27 52 19 16
44 80 12 4
10 53 16 16
26 73 14 4
98 46 3 25
6 64 7 25
61 72 7 9
45 86 8 9
46 12 10 1
62 72 16 16
33 46 1 4
94 69 12 9
72 54 10 9
74 92 14 0
100 62 10 4
90 57 7 16
55 2 10 1
63 51 6 16
38 88 8 1
44 11 6 16
3 97 14 0
69 84 16 16
92 84 7 0
72 80 9 9
20 48 14 16
32 9 7 16
61 42 13 9
64 78 9 1
21 72 12 1
58 10 10 4
90 12 10 0
4 48 3 9
41 69 12 1
93 74 6 16
60 5 13 4
93 36 2 9
99 65 8 0
19 94 12 16
57 22 12 9
28 16 9 0
43 4 1032 828 0.327045470746234 100 4 0.2533471031358
9 11 5177 696 0.321498816362582 250 4 0.2533471031358
24 87 7489 371 0.186864765970968 500 2 0.2533471031358
31 81 4996 799 0.219053724561818 250 2 0.2533471031358
1 59 5238 493 0.481842486448586 100 4 0.2533471031358
29 44 5064 928 0.342124695037492 100 1 0.2533471031358
45 6 8070 727 0.443976222546771 500 4 0.2533471031358
32 2 5415 822 0.265266403828282 100 6 0.2533471031358
14 25 7724 564 0.237552041921299 100 1 0.2533471031358
42 11 964 612 0.249027209172491 100 5 0.2533471031358
10 24 7635 669 0.273630441646092 100 5 0.2533471031358
60 30 4861 392 0.41368417509133 100 5 0.2533471031358
50 95 5095 351 0.0429425793769769 500 6 0.2533471031358
92 11 8235 556 0.273294080384076 100 6 0.2533471031358
71 11 4685 579 0.256119807534851 100 2 0.2533471031358
92 76 7870 678 0.428237707219087 250 1 0.2533471031358
4 16 8222 873 0.209693686238024 250 4 0.2533471031358
57 2 5163 989 0.312103222350124 250 4 0.2533471031358
97 34 8097 856 0.0647270882222801 500 6 0.2533471031358
43 51 5451 862 0.389065613716375 250 4 0.2533471031358
5000 18 60
350 13 30
350 10 40
1000 19 60
5000 17 65
1000 13 55
1000 11 30
350 12 70
5000 19 70
350 16 35
1000 11 70
1000 17 55
5000 18 45
350 14 35
5000 17 45
350 19 65
1000 13 75
1000 18 60
350 19 70
350 15 40
