100 10 10
27 47 2 4
82 47 13 25
81 27 8 1
74 45 17 16
87 59 11 4
15 86 13 1
38 22 10 9
89 20 5 9
52 69 10 1
67 8 10 25
7 43 8 16
69 65 9 9
82 91 16 16
21 98 17 25
50 38 11 4
25 6 2 16
75 5 12 1
20 48 4 4
45 71 9 4
28 36 10 9
61 42 8 1
55 45 3 16
8 49 5 9
94 62 14 4
64 51 11 1
30 35 9 9
7 38 12 9
6 17 18 9
90 75 17 4
36 37 9 4
77 60 15 0
58 75 15 9
38 36 10 1
6 27 11 1
24 90 5 4
63 25 19 16
93 64 10 4
87 89 8 0
89 84 14 1
53 65 4 9
47 65 13 9
57 25 7 0
9 25 10 9
15 56 8 9
60 77 2 25
11 39 15 9
89 81 6 16
87 68 15 4
42 86 19 16
67 24 13 16
72 35 11 9
90 24 12 25
91 63 1 16
18 61 7 4
18 90 9 1
59 24 12 1
8 65 16 9
13 34 7 9
13 27 6 16
19 38 14 1
81 59 15 16
79 57 2 16
11 34 11 9
91 76 11 25
14 25 17 4
14 49 11 9
79 94 14 9
74 57 12 25
100 57 15 4
52 62 12 4
53 53 14 1
52 57 10 1
99 57 7 1
76 56 12 4
67 34 8 9
60 68 9 0
26 7 6 0
26 60 9 4
31 65 14 25
7 15 12 9
27 51 9 1
88 87 9 9
16 19 6 4
41 82 12 16
92 3 1 16
87 20 13 4
77 93 7 9
18 64 14 9
70 41 12 16
55 53 13 1
52 98 11 9
69 62 9 4
71 5 8 0
29 73 7 0
65 99 7 0
85 55 17 9
26 95 10 0
24 70 5 4
75 43 17 9
75 43 12 1
9 57 5086 502 0.0397719932324253 250 2 0.841621233572914
45 100 1004 461 0.253270014645532 500 2 0.841621233572914
6 59 1003 388 0.12409682651516 500 2 0.841621233572914
39 100 7999 589 0.225742127178237 100 1 0.841621233572914
16 15 992 768 0.468592909707222 250 2 0.841621233572914
15 72 1013 972 0.321660505253822 500 3 0.841621233572914
77 6 999 860 0.434256573705934 100 1 0.841621233572914
2 89 1038 732 0.392928153136745 250 1 0.841621233572914
73 88 982 968 0.383254434752744 100 6 0.841621233572914
18 68 4953 654 0.164805643828586 500 7 0.841621233572914
350 15 35
1000 13 60
1000 15 60
1000 12 40
1000 14 40
1000 11 70
5000 17 45
350 17 35
5000 14 35
5000 11 70
