100 20 20
58 37 8 0
5 99 11 0
67 67 9 9
14 59 13 0
56 51 5 9
45 39 7 9
80 91 14 9
9 16 6 1
65 61 10 16
21 13 7 4
10 25 7 4
8 23 10 4
88 42 13 16
28 100 9 0
91 86 14 9
92 56 15 25
49 61 13 1
87 60 8 4
54 69 13 16
42 35 8 4
97 46 8 9
2 48 7 0
92 25 6 16
77 65 16 25
5 93 8 4
63 27 13 4
6 27 16 25
87 70 20 16
5 34 8 25
70 71 7 4
2 21 8 0
36 16 16 9
66 61 13 9
21 36 6 9
47 63 9 1
99 43 8 0
11 53 9 0
23 63 7 16
12 71 13 16
39 83 7 4
84 4 5 1
7 82 13 4
92 71 15 1
13 43 13 1
6 70 10 9
37 26 12 4
36 93 8 4
64 30 12 25
6 79 8 0
30 7 10 1
22 68 13 4
11 7 16 16
18 58 12 4
79 91 8 16
79 51 18 9
29 32 13 9
61 91 14 9
29 72 11 4
55 42 15 25
92 71 6 25
23 56 8 16
67 51 11 4
27 23 7 9
47 75 8 4
6 73 4 16
52 92 6 1
14 61 19 9
93 87 16 25
68 27 11 25
24 59 11 9
99 22 22 25
61 98 9 9
90 71 9 1
55 2 10 9
57 96 15 16
6 55 14 4
61 46 5 1
65 20 7 1
99 28 3 9
73 74 15 4
7 97 11 4
83 77 13 0
83 83 20 9
48 47 10 1
54 28 6 1
97 88 5 4
41 74 16 1
62 32 13 1
62 96 13 25
94 15 18 16
94 14 9 9
60 84 16 4
25 36 10 9
95 15 16 4
99 86 2 25
43 52 2 25
42 17 9 16
2 21 6 1
40 90 15 9
52 6 22 25
2 23 974 1060 0.462555824809242 500 7 0.524400512708041
45 82 5183 621 0.203837308469228 250 6 0.524400512708041
54 89 4906 971 0.363386318280827 500 6 0.524400512708041
62 84 5281 773 0.306776108443737 250 6 0.524400512708041
87 44 987 416 0.431102588591166 100 6 0.524400512708041
57 95 8180 579 0.255757881032769 500 6 0.524400512708041
8 35 8014 785 0.126427988784853 100 1 0.524400512708041
60 84 8813 574 0.183950999521185 500 2 0.524400512708041
12 83 8213 419 0.188208069794346 100 3 0.524400512708041
34 12 5041 581 0.182608073670417 250 4 0.524400512708041
15 17 4759 416 0.257848098566756 500 3 0.524400512708041
88 44 989 592 0.118950258218683 500 3 0.524400512708041
16 82 4685 1029 0.0434294123668224 250 5 0.524400512708041
7 7 998 684 0.454165869604331 250 2 0.524400512708041
15 13 8394 1050 0.242689924070146 500 5 0.524400512708041
28 23 1002 743 0.457685460161883 100 4 0.524400512708041
70 16 5119 1043 0.118129174550995 250 5 0.524400512708041
92 24 1002 1027 0.327684654821642 500 3 0.524400512708041
1 49 7899 699 0.318147616323549 100 4 0.524400512708041
72 80 7909 480 0.349846622939222 250 2 0.524400512708041
350 18 60
1000 14 35
350 18 35
5000 13 50
1000 18 75
1000 18 50
5000 18 40
350 17 35
5000 18 65
350 17 60
350 14 50
1000 19 40
5000 20 70
5000 19 45
5000 20 45
5000 19 35
350 12 25
350 11 70
1000 15 70
350 15 70
