100 20 20
70 72 11 0
20 28 8 9
91 41 8 25
20 19 6 1
89 66 10 9
55 84 13 1
33 61 6 0
74 96 21 16
94 82 7 1
7 35 9 9
24 60 7 16
99 86 11 4
39 10 6 0
16 8 12 1
54 95 7 16
38 51 8 9
74 43 16 4
9 61 14 25
27 6 10 9
79 67 9 1
85 14 13 16
61 52 6 16
97 13 11 0
10 94 16 9
77 32 7 16
83 45 10 4
92 61 13 9
63 16 14 9
60 56 17 4
7 22 10 16
33 12 12 1
89 44 15 1
28 54 13 1
72 41 7 4
2 69 10 0
15 38 3 4
68 88 11 1
72 87 12 4
74 52 9 16
47 92 2 25
82 20 10 9
52 87 11 16
75 30 16 25
47 73 13 16
84 80 7 9
37 94 16 25
63 27 9 0
16 46 8 1
87 18 9 1
90 71 13 1
44 80 9 0
30 21 11 1
43 73 8 0
22 93 5 16
57 28 12 1
25 37 9 1
52 14 10 1
83 62 12 16
94 8 7 4
45 41 14 0
50 25 13 16
39 26 13 4
63 70 3 9
36 77 6 16
81 48 6 9
3 34 7 4
27 76 15 25
39 83 16 25
27 86 2 16
99 49 6 4
83 98 8 4
8 37 17 1
51 54 13 1
70 8 10 4
79 29 5 4
54 66 9 4
21 21 14 16
67 40 12 9
61 25 9 4
55 80 13 1
46 87 26 16
35 5 15 25
65 55 12 1
85 95 12 9
59 81 10 4
2 30 11 16
17 56 8 16
74 45 7 0
49 15 10 0
42 24 10 0
37 18 16 9
79 79 12 16
99 7 13 9
9 25 14 9
34 14 14 9
40 29 12 16
1 40 13 25
28 20 8 4
33 96 9 1
89 55 13 9
1 42 4794 397 0.178181416038424 100 5 0.2533471031358
13 59 7870 626 0.415690888911486 500 5 0.2533471031358
23 75 1001 503 0.408992793716025 100 3 0.2533471031358
79 30 5238 1046 0.0671122031821869 500 3 0.2533471031358
16 13 4920 1015 0.21629775259411 100 5 0.2533471031358
22 57 4842 1048 0.305016343696043 250 4 0.2533471031358
41 32 8086 840 0.264147788963746 250 3 0.2533471031358
10 71 7979 639 0.400437246237416 100 1 0.2533471031358
58 74 1011 761 0.281175957014784 100 7 0.2533471031358
78 5 4931 501 0.197437892723829 100 1 0.2533471031358
44 97 5035 423 0.288711450856645 500 5 0.2533471031358
22 96 8144 411 0.220559070517775 500 1 0.2533471031358
68 80 985 585 0.256009613089263 250 1 0.2533471031358
96 79 978 475 0.183862972611096 100 7 0.2533471031358
4 28 4779 571 0.310300709819421 250 6 0.2533471031358
64 94 4780 696 0.234372328843456 500 7 0.2533471031358
6 5 7511 1027 0.144773376937956 250 3 0.2533471031358
35 77 7735 705 0.0395579867600463 100 6 0.2533471031358
43 54 4726 575 0.285702110300772 250 3 0.2533471031358
2 13 969 821 0.348126175112557 100 1 0.2533471031358
1000 14 55
1000 18 60
350 17 55
1000 15 45
5000 19 65
350 15 70
350 11 75
5000 19 55
350 16 70
1000 18 60
350 10 45
350 17 35
350 15 65
1000 11 50
5000 14 75
5000 14 60
1000 16 50
5000 19 65
1000 12 40
350 18 50
