100 10 10
97 76 10 1
93 94 12 4
63 24 2 4
76 41 13 4
96 65 6 9
80 84 11 9
46 15 4 16
35 74 11 0
85 70 14 16
80 66 13 9
48 64 11 1
93 92 5 16
14 63 12 4
10 56 18 25
12 66 15 4
48 67 14 4
85 97 12 4
29 39 9 9
51 58 10 16
95 74 10 1
50 85 8 9
18 22 9 0
4 16 7 1
37 61 8 1
20 45 4 1
24 49 13 9
51 42 14 16
67 33 8 1
94 48 8 4
90 78 8 9
22 99 6 4
30 19 9 1
61 85 9 16
78 9 11 25
56 21 17 16
63 49 3 25
40 53 13 4
63 63 4 25
62 69 9 9
32 93 8 9
55 46 12 25
45 63 12 16
18 24 6 25
46 45 11 16
3 15 16 9
6 50 9 1
30 70 10 0
35 97 8 16
76 32 12 4
52 20 7 1
93 34 11 16
13 12 10 16
79 11 8 9
46 14 6 4
40 4 13 25
34 57 12 9
54 67 3 4
39 60 9 1
28 78 16 9
53 43 6 16
27 64 8 1
2 98 12 1
59 24 9 16
22 64 9 4
55 78 14 16
39 25 12 9
7 100 18 25
49 81 7 4
32 89 12 9
99 3 16 16
21 94 11 0
5 48 11 1
55 5 13 25
16 45 10 9
27 2 8 9
55 63 12 9
63 91 8 4
77 31 2 25
12 54 17 4
23 96 8 9
63 27 6 4
77 72 8 25
49 32 11 1
28 74 12 25
41 28 13 16
100 20 7 16
7 68 19 16
86 25 11 4
24 61 9 0
56 35 14 1
93 13 4 16
94 45 15 25
59 21 11 4
4 30 9 4
32 87 10 25
46 76 11 1
85 86 5 4
85 16 8 9
12 59 11 0
26 88 5 9
98 67 4898 581 0.386813266614918 100 6 0.524400512708041
66 71 4710 981 0.208065720999148 500 6 0.524400512708041
86 7 1000 939 0.0638341175345704 500 3 0.524400512708041
25 40 7991 396 0.0519924337230623 500 4 0.524400512708041
86 12 7782 902 0.321604260215536 250 2 0.524400512708041
3 26 7753 366 0.153400735382456 100 7 0.524400512708041
98 92 4974 589 0.315265340222977 500 1 0.524400512708041
5 12 5013 610 0.419588309382088 500 7 0.524400512708041
42 29 5154 863 0.107914759453852 100 6 0.524400512708041
59 88 1009 794 0.236473756537307 500 6 0.524400512708041
350 16 70
1000 11 40
5000 20 65
1000 13 60
350 12 60
5000 14 65
350 11 65
1000 15 25
5000 14 40
350 19 45
