100 10 10
41 98 6 1
30 48 14 1
36 14 11 9
11 94 9 0
89 55 2 25
66 27 7 25
82 46 9 4
93 82 2 25
5 61 7 4
70 42 2 9
7 39 8 0
35 49 10 1
28 37 9 9
32 85 10 1
25 77 8 9
68 14 7 0
82 21 13 4
70 74 8 1
25 91 8 9
87 57 3 4
83 99 11 4
66 49 12 16
38 81 13 16
44 38 14 4
61 91 3 4
9 55 12 9
8 46 4 9
5 86 12 1
39 95 7 9
50 23 7 9
99 30 11 1
79 63 14 16
46 32 13 1
48 31 14 0
80 2 11 1
35 75 4 16
95 96 11 4
39 34 10 9
20 77 4 9
38 59 14 16
14 59 10 1
82 61 18 16
18 56 10 1
31 53 5 9
14 93 7 25
90 9 5 16
88 91 9 1
39 54 12 16
39 85 9 1
4 56 8 4
24 66 6 25
66 52 9 4
87 23 8 1
2 17 7 4
24 89 18 16
81 70 8 16
41 18 5 1
40 17 11 1
84 88 8 1
34 33 10 1
78 32 11 0
76 87 12 1
71 64 8 16
67 52 8 16
60 20 7 9
93 41 12 0
82 74 15 4
16 10 5 16
75 7 9 9
55 79 13 16
64 19 10 0
71 78 18 16
50 82 4 16
24 48 6 1
9 5 11 1
70 53 11 0
8 65 3 9
92 68 6 9
30 74 7 16
36 26 10 1
64 43 9 4
40 42 13 1
34 37 10 16
22 49 8 16
92 66 7 9
61 75 12 4
74 95 10 0
10 14 15 1
98 31 7 16
24 82 11 9
8 23 10 1
45 42 13 1
100 62 9 4
43 58 9 9
59 1 9 1
55 47 6 4
65 85 5 9
43 87 12 4
59 28 10 4
42 20 9 4
1 51 8283 830 0.277712574836332 100 1 0.2533471031358
58 59 8266 437 0.298130693545099 500 6 0.2533471031358
42 85 1033 350 0.156885779527947 500 6 0.2533471031358
76 83 7584 653 0.0935435067513026 500 5 0.2533471031358
91 88 8019 753 0.14217562294798 250 1 0.2533471031358
43 31 4817 576 0.484882218453568 100 2 0.2533471031358
51 40 985 692 0.173777920445427 250 5 0.2533471031358
52 87 952 843 0.437528561782092 250 7 0.2533471031358
89 53 986 864 0.487081007033121 500 6 0.2533471031358
17 63 1018 832 0.195293192418758 100 3 0.2533471031358
350 12 65
1000 11 35
1000 18 65
350 16 45
1000 10 65
350 14 40
1000 15 70
1000 12 30
5000 15 35
350 17 35
