100 30 30
58 99 8 16
82 94 11 25
53 17 6 9
94 31 13 9
64 86 15 9
83 40 5 1
36 95 8 1
63 50 10 9
21 97 3 9
89 56 6 4
83 66 11 9
76 61 9 9
99 35 10 9
79 50 13 1
14 71 3 9
31 11 16 1
100 45 9 4
14 45 18 9
40 87 13 16
66 64 6 9
35 81 9 16
51 95 13 0
91 90 6 4
13 71 7 16
39 20 12 4
10 15 11 9
3 2 3 16
34 73 15 9
59 5 11 4
69 51 7 16
8 77 5 9
23 44 19 9
36 54 2 25
46 30 8 4
44 30 18 25
23 67 9 16
79 96 14 4
27 65 11 0
76 56 4 1
24 71 10 25
66 48 11 4
4 40 9 4
70 46 12 0
10 100 8 4
3 1 16 1
89 72 14 1
79 94 10 4
15 85 6 0
71 76 14 25
21 78 15 16
91 75 9 1
48 38 11 16
46 27 17 9
4 63 17 9
79 24 7 4
77 10 8 4
28 43 15 9
32 94 14 0
67 18 8 9
54 58 15 16
76 61 7 25
39 83 7 9
26 54 10 0
95 48 6 4
45 98 14 0
80 39 8 1
56 88 11 9
79 29 6 9
79 31 8 9
36 11 9 1
78 69 6 1
17 4 12 16
71 4 12 9
67 74 13 4
67 22 17 16
100 47 9 0
12 89 11 25
9 93 18 16
70 97 12 4
88 67 20 9
6 55 11 1
27 9 10 16
22 16 5 1
25 32 13 9
10 67 10 0
97 30 9 0
71 73 14 1
7 72 1 25
71 88 6 9
54 25 22 25
15 8 8 1
60 43 6 25
33 88 6 4
78 79 2 16
91 17 9 1
39 61 16 9
63 48 5 4
79 92 9 4
41 23 9 4
43 3 7 4
98 13 978 596 0.18552537712967 500 1 1.2815515655446
98 10 974 939 0.344345863994677 100 6 1.2815515655446
37 79 996 389 0.283091288569849 500 1 1.2815515655446
19 70 982 582 0.25722091233125 100 5 1.2815515655446
20 61 5290 979 0.185050994583871 250 6 1.2815515655446
98 43 994 374 0.36701872457983 100 6 1.2815515655446
86 42 1059 664 0.43611504511442 250 7 1.2815515655446
23 8 974 534 0.118985892916098 250 3 1.2815515655446
26 95 7830 897 0.497508418341167 100 6 1.2815515655446
87 35 1013 372 0.389753593574278 100 1 1.2815515655446
81 89 1011 894 0.151719266993459 250 3 1.2815515655446
98 14 7739 542 0.327455383245833 250 2 1.2815515655446
14 75 7886 347 0.393213098195847 100 6 1.2815515655446
73 99 4662 998 0.446316378135234 500 5 1.2815515655446
96 44 8273 508 0.0477472986956127 100 4 1.2815515655446
44 18 4978 809 0.0706952154426835 250 6 1.2815515655446
81 7 5066 371 0.302369671470951 500 3 1.2815515655446
19 23 8413 772 0.433792633994017 250 5 1.2815515655446
63 62 7913 696 0.280915256699081 100 3 1.2815515655446
84 31 980 683 0.0659221780858934 100 4 1.2815515655446
74 65 5096 886 0.319874555889983 250 3 1.2815515655446
56 50 970 771 0.225461855235044 250 6 1.2815515655446
72 15 5025 470 0.15621100310469 500 4 1.2815515655446
19 4 7659 556 0.434012103669811 250 4 1.2815515655446
63 7 1008 712 0.470309026497416 100 7 1.2815515655446
96 75 4508 499 0.0887155044730753 100 3 1.2815515655446
7 62 5158 631 0.434769320143387 100 5 1.2815515655446
43 86 4953 644 0.091401599876117 500 2 1.2815515655446
75 29 5034 886 0.119850479108281 250 1 1.2815515655446
41 67 995 1005 0.164174744400661 500 4 1.2815515655446
350 16 35
1000 12 65
5000 10 35
350 17 30
1000 11 30
5000 12 35
1000 15 25
5000 11 65
350 15 55
350 17 30
5000 11 40
1000 18 30
350 17 75
1000 11 65
350 19 45
350 15 65
1000 18 30
350 11 70
5000 12 30
5000 15 60
1000 19 45
5000 11 55
5000 16 70
1000 11 30
5000 12 25
5000 19 55
1000 14 40
1000 14 50
5000 19 35
5000 14 75
