100 10 10
14 26 9 16
7 70 10 25
99 6 8 0
2 9 6 1
39 39 7 4
28 93 8 0
88 41 11 16
12 5 8 9
68 25 3 16
98 33 11 4
93 93 8 0
93 77 9 4
47 82 16 16
58 87 6 1
67 68 18 9
66 72 12 1
36 86 14 0
22 81 6 16
17 15 11 25
38 66 12 4
60 18 7 1
30 1 16 25
45 79 12 25
86 70 4 9
1 51 10 16
58 27 24 25
81 42 8 0
79 20 10 4
12 60 11 1
38 51 12 1
14 7 10 9
53 20 13 1
96 24 14 9
94 71 9 16
37 35 13 16
43 6 8 9
18 57 3 25
73 47 10 1
89 49 5 9
56 66 13 16
72 63 8 4
3 20 12 16
76 15 12 9
92 4 1 16
72 56 12 1
94 33 12 4
7 88 13 0
15 91 13 1
31 81 16 16
4 28 12 1
42 82 2 16
82 24 13 9
13 10 12 9
95 14 6 1
86 34 13 25
39 73 11 4
93 68 3 16
74 15 7 4
30 42 12 9
14 69 7 9
20 51 9 16
62 31 5 9
73 38 12 9
72 12 14 1
83 39 10 4
96 60 8 1
90 38 13 1
16 21 5 9
25 46 4 25
23 9 13 0
11 54 13 1
21 74 7 1
18 93 8 16
36 73 8 9
5 86 7 9
68 78 4 16
59 99 6 16
56 96 19 16
74 36 12 0
44 78 10 1
65 49 13 16
42 93 4 25
100 20 16 16
89 24 13 25
69 47 11 25
41 26 12 0
77 75 8 9
4 81 6 0
57 73 13 1
41 4 5 0
93 21 5 9
30 25 10 1
88 6 21 16
77 66 8 0
20 74 9 4
41 4 12 4
94 3 19 9
4 64 11 16
13 98 11 9
45 28 3 25
14 21 5085 394 0.252887738794088 500 7 0.2533471031358
72 67 8309 798 0.260112704499625 500 5 0.2533471031358
19 87 7868 995 0.0436947487015277 100 1 0.2533471031358
8 16 1011 898 0.127925958475098 500 7 0.2533471031358
68 42 7940 615 0.450813330684323 250 7 0.2533471031358
3 59 979 862 0.179145062351599 100 7 0.2533471031358
9 81 7237 836 0.4939705626457 250 3 0.2533471031358
47 17 993 687 0.141004222796764 100 7 0.2533471031358
86 80 7686 596 0.144783195580821 250 1 0.2533471031358
5 26 5058 395 0.0862926878943108 500 5 0.2533471031358
350 11 50
5000 16 35
5000 14 30
5000 17 40
1000 17 60
1000 18 65
350 12 75
350 16 25
1000 14 75
1000 18 65
