100 30 30
46 27 7 9
23 81 5 16
75 78 7 16
47 40 14 0
10 52 13 9
2 38 11 16
4 82 3 16
44 89 19 16
86 18 13 1
69 84 8 1
54 76 9 4
12 37 2 4
90 59 11 9
10 86 10 0
53 95 11 9
45 23 3 25
53 20 11 1
40 31 11 9
26 38 6 16
38 14 11 4
76 74 7 1
1 19 5 25
1 5 12 4
3 82 10 1
46 94 17 9
2 57 7 16
56 25 18 16
90 93 7 4
32 81 16 25
93 60 12 1
82 56 13 0
10 66 2 16
13 51 12 4
9 94 21 16
64 7 2 9
19 90 11 25
18 15 3 16
28 82 6 9
82 64 17 4
83 66 7 4
95 13 6 4
100 41 18 16
33 83 5 9
77 63 4 16
69 83 11 25
26 14 11 16
88 37 16 25
92 95 7 9
36 45 5 9
54 7 8 4
76 97 7 9
71 4 14 9
86 56 13 16
97 74 9 0
49 95 14 1
53 72 13 4
13 67 6 16
8 70 14 0
49 82 7 1
55 52 11 9
89 71 14 4
81 29 11 1
75 36 19 16
65 70 14 1
25 36 6 9
82 38 9 0
65 20 19 16
4 67 6 1
42 15 10 16
29 56 11 16
63 100 10 4
64 66 16 16
35 71 4 1
82 66 7 9
10 56 12 9
74 81 5 4
8 86 7 4
76 79 15 0
2 54 11 16
83 20 11 0
80 61 14 4
49 5 18 4
16 55 8 25
2 73 8 9
88 20 13 4
97 46 13 0
73 91 9 16
61 5 12 0
96 50 10 9
63 90 10 4
57 54 7 16
19 70 10 9
36 10 11 9
9 39 16 16
92 80 11 4
79 33 9 0
100 13 11 16
28 90 5 9
49 1 15 1
44 24 12 16
27 47 1028 842 0.137687414216343 100 7 1.2815515655446
99 54 973 652 0.308070584968664 500 2 1.2815515655446
39 95 7355 1026 0.445950580860954 100 5 1.2815515655446
71 4 4979 1024 0.298552297698334 500 3 1.2815515655446
8 36 8221 814 0.169818080873229 500 4 1.2815515655446
12 2 8384 845 0.495688013501931 250 2 1.2815515655446
90 96 961 595 0.24865889412351 250 2 1.2815515655446
15 58 7664 970 0.420035594005603 500 5 1.2815515655446
17 11 5070 947 0.447823834894225 500 4 1.2815515655446
27 58 8093 402 0.238059854907915 100 6 1.2815515655446
62 33 997 346 0.450204294684809 250 7 1.2815515655446
76 87 8193 706 0.190313079692423 250 5 1.2815515655446
86 76 4997 737 0.425538818854839 500 7 1.2815515655446
76 52 987 489 0.429854774721898 500 1 1.2815515655446
7 43 7582 837 0.244496910553426 500 4 1.2815515655446
55 9 5528 831 0.131066524467897 100 7 1.2815515655446
96 25 8003 797 0.488409550117794 500 2 1.2815515655446
83 62 5029 915 0.330613715264481 500 6 1.2815515655446
35 62 8229 382 0.321630074519198 100 1 1.2815515655446
10 53 5260 439 0.467392218101304 250 2 1.2815515655446
44 32 8577 890 0.380123827692587 100 7 1.2815515655446
75 22 7711 436 0.269241854632273 250 4 1.2815515655446
2 59 964 704 0.20254581665853 500 5 1.2815515655446
57 27 4865 354 0.0487893768423237 500 6 1.2815515655446
56 13 5504 491 0.308800819953904 100 3 1.2815515655446
37 20 4658 825 0.314241493728478 250 3 1.2815515655446
83 44 4738 424 0.320971456151456 500 5 1.2815515655446
88 45 1001 802 0.374524390429724 500 6 1.2815515655446
42 11 1031 678 0.0894606076576747 500 4 1.2815515655446
79 5 8150 750 0.313085382208228 500 6 1.2815515655446
350 15 50
1000 18 65
5000 11 35
1000 17 30
350 11 25
5000 20 40
350 16 55
350 18 50
5000 18 30
1000 14 35
350 17 55
1000 12 70
350 14 60
5000 10 30
5000 16 60
350 16 40
1000 19 60
1000 13 30
350 19 40
350 20 30
1000 10 45
5000 14 55
1000 14 35
350 18 45
1000 11 75
1000 10 55
350 14 65
1000 18 55
5000 18 45
1000 12 65
