100 20 20
72 10 1 25
73 12 14 4
96 45 6 4
45 96 7 4
26 13 8 0
74 3 14 9
21 98 16 4
69 18 10 16
77 67 7 4
56 83 6 25
17 35 4 9
6 66 9 25
96 76 18 25
40 26 11 9
35 20 11 9
13 69 18 25
15 35 7 25
23 81 8 4
39 94 9 0
93 35 16 25
81 54 0 25
81 63 8 4
40 65 10 1
9 21 7 0
36 93 13 4
40 9 11 4
18 87 7 16
13 72 8 16
36 96 16 16
43 89 7 1
49 19 12 16
42 35 5 4
48 46 13 4
93 63 12 1
9 11 21 16
41 13 9 1
9 70 8 4
88 4 8 9
24 91 6 1
99 54 11 0
89 89 9 1
29 89 9 16
53 69 12 16
26 92 15 9
27 8 12 4
34 25 5 1
6 88 12 0
98 19 7 1
18 71 9 4
14 33 12 9
30 80 14 0
47 39 14 0
5 28 13 9
27 89 7 9
42 94 6 4
65 63 10 1
2 79 12 16
35 22 11 4
25 74 14 16
70 9 14 16
47 99 2 16
10 3 8 16
41 45 12 4
54 60 11 0
23 21 6 16
95 31 14 16
48 4 18 16
19 5 8 1
85 47 5 16
86 36 17 16
98 3 6 1
43 31 7 1
31 95 13 0
41 37 18 9
5 37 6 1
42 3 9 4
32 80 17 16
43 55 12 16
80 59 6 9
89 68 14 4
46 98 12 1
76 4 14 16
44 8 7 0
66 53 7 1
73 1 13 0
9 24 8 25
81 29 10 0
66 92 10 1
57 51 10 4
83 38 7 16
5 91 12 1
95 4 7 16
65 94 14 1
1 52 6 1
53 59 16 25
26 71 15 4
56 61 9 1
45 76 11 4
16 99 8 9
67 14 9 1
90 99 1000 614 0.171404516289476 500 2 0.2533471031358
64 77 8569 533 0.355993327554315 100 4 0.2533471031358
86 52 7824 362 0.45878107822733 250 1 0.2533471031358
45 43 7805 506 0.0739965176256374 250 3 0.2533471031358
5 42 5084 434 0.26067745937733 100 5 0.2533471031358
30 50 8128 364 0.0387602465669624 100 7 0.2533471031358
75 51 988 460 0.453333225927781 500 1 0.2533471031358
10 85 8039 793 0.183444047861267 100 2 0.2533471031358
23 2 8129 625 0.46858460634714 500 4 0.2533471031358
96 46 970 717 0.362196982377209 500 2 0.2533471031358
88 87 968 859 0.473282537788618 250 6 0.2533471031358
69 25 1002 850 0.352733526523225 500 4 0.2533471031358
66 19 951 467 0.0590897756745108 500 6 0.2533471031358
84 95 8537 902 0.412724448794033 250 2 0.2533471031358
53 92 6798 988 0.239492671596818 250 4 0.2533471031358
57 7 7952 821 0.215615512470249 250 1 0.2533471031358
5 91 996 405 0.400866045111325 500 4 0.2533471031358
99 96 1015 377 0.377239839334507 100 5 0.2533471031358
95 76 8542 479 0.0554125241399743 250 4 0.2533471031358
99 18 988 361 0.128389392180834 500 4 0.2533471031358
350 15 45
5000 18 35
5000 20 50
350 18 55
1000 18 30
350 14 50
5000 11 40
5000 11 30
1000 15 50
5000 17 75
350 13 35
350 10 35
5000 11 30
350 14 40
5000 13 55
350 11 65
1000 12 45
350 13 50
350 13 35
5000 16 55
