100 20 20
94 16 8 0
15 43 8 1
90 36 11 4
22 56 16 25
87 31 12 1
26 91 6 9
59 66 8 4
38 22 12 16
38 80 5 4
66 31 12 9
99 9 15 0
66 100 6 9
58 59 6 1
57 7 5 0
10 85 15 16
37 47 10 9
13 14 4 9
61 89 15 9
40 76 8 0
82 76 2 25
4 24 9 1
3 9 13 1
28 31 7 1
38 47 10 1
63 76 16 16
16 38 11 0
73 62 8 4
79 73 6 9
51 7 17 9
86 40 11 1
69 8 12 1
89 38 16 4
82 38 8 0
9 89 12 1
97 50 4 4
32 17 14 1
1 20 13 16
51 89 5 16
47 45 12 1
40 47 8 25
54 44 10 1
7 53 13 9
28 64 10 9
12 89 5 9
25 86 5 9
65 76 10 16
91 18 20 16
32 92 15 9
38 35 7 9
17 17 7 9
19 66 5 0
80 69 9 25
22 39 8 9
27 32 18 9
80 99 13 25
32 52 17 9
1 20 15 1
63 60 14 1
4 57 9 4
14 65 16 9
98 78 14 4
81 17 7 9
53 9 11 4
73 54 11 1
12 85 11 4
67 69 8 0
74 39 12 25
48 7 9 9
86 23 11 1
64 76 9 9
95 31 11 4
97 95 6 25
22 72 13 16
21 77 6 16
81 3 8 1
10 59 14 1
65 34 16 9
43 92 7 1
84 5 6 16
42 13 5 4
38 25 13 9
51 98 7 1
79 81 9 1
35 39 12 25
8 57 9 9
16 56 15 4
8 3 15 9
57 13 7 9
36 90 10 4
92 70 8 16
82 31 11 1
79 7 7 9
3 45 12 9
8 92 9 4
7 60 14 0
59 46 15 25
74 16 10 4
89 25 13 1
73 16 14 16
7 74 12 16
33 27 4852 683 0.437706558648497 250 5 0.2533471031358
57 34 8520 581 0.0320143914571963 500 4 0.2533471031358
25 39 5044 627 0.119320305769797 100 7 0.2533471031358
44 70 7970 389 0.0510688318242319 250 3 0.2533471031358
61 92 1005 828 0.408920999492984 500 6 0.2533471031358
23 7 8039 744 0.340956959491596 500 7 0.2533471031358
15 67 5130 1037 0.0420006934087724 100 5 0.2533471031358
96 75 4897 742 0.480889092669822 250 4 0.2533471031358
21 50 989 496 0.0614393718237989 500 7 0.2533471031358
45 98 980 603 0.445355208122637 500 2 0.2533471031358
62 32 4896 512 0.371688912459649 250 4 0.2533471031358
59 83 4961 995 0.194848198392428 100 1 0.2533471031358
46 61 8028 804 0.309504305990413 250 2 0.2533471031358
41 12 8194 572 0.496397332726047 100 6 0.2533471031358
85 91 8036 879 0.227150111154187 250 5 0.2533471031358
64 69 5027 433 0.061017168101389 250 3 0.2533471031358
4 27 5135 648 0.118006510182749 100 6 0.2533471031358
89 5 977 449 0.368800184123684 500 5 0.2533471031358
49 100 5138 703 0.116289813301992 250 2 0.2533471031358
92 86 7990 603 0.163220442349557 500 6 0.2533471031358
350 17 70
5000 18 25
350 11 60
1000 16 35
1000 14 50
5000 10 65
1000 12 75
1000 18 50
5000 17 65
1000 11 30
5000 17 30
1000 19 25
350 13 30
1000 18 40
1000 13 30
5000 17 40
5000 14 50
5000 17 40
1000 18 30
1000 19 45
