100 30 30
33 94 5 0
94 42 11 1
63 94 6 0
79 67 7 1
83 31 7 25
61 27 13 1
67 86 10 1
97 44 12 4
4 43 13 1
24 94 9 4
19 28 8 4
40 96 13 4
47 51 7 1
83 28 12 4
97 4 7 1
86 9 4 9
62 94 11 4
76 40 6 4
50 54 11 1
21 23 7 1
31 29 14 9
95 77 4 1
2 34 1 25
70 79 6 0
30 64 15 4
28 9 7 9
54 62 19 25
63 96 12 1
68 19 5 25
4 56 9 9
35 38 14 0
37 6 11 1
83 75 7 4
65 79 11 4
74 73 10 4
27 4 4 25
18 95 12 1
71 27 4 4
71 86 18 25
11 6 6 9
59 89 17 9
9 84 11 16
100 54 10 1
93 93 11 16
61 34 8 16
47 93 11 1
9 54 8 9
76 41 11 4
38 4 8 4
100 2 15 4
62 21 6 1
66 71 12 16
49 89 10 0
4 89 9 1
67 93 8 1
75 99 21 16
98 100 11 0
73 26 8 9
16 71 9 9
63 71 12 1
44 4 13 1
99 40 5 4
81 71 10 16
98 52 10 1
41 76 5 0
94 9 10 4
51 8 8 25
37 37 16 25
55 64 12 25
48 50 11 9
64 38 14 9
43 40 13 4
83 42 7 4
83 46 8 1
25 91 18 9
58 85 12 1
98 46 7 16
87 90 15 4
13 9 12 1
30 17 14 16
15 47 11 4
70 72 12 4
44 23 4 9
66 91 16 16
7 99 12 16
48 31 8 16
38 81 17 16
50 5 0 9
74 17 7 16
75 24 12 16
79 11 9 16
67 30 14 1
89 59 7 0
18 50 11 0
98 91 5 4
93 13 8 1
72 75 7 1
81 18 11 25
12 12 9 9
82 46 7 4
14 21 7974 755 0.476015012641437 100 4 0.524400512708041
73 26 1012 774 0.162441842737608 250 7 0.524400512708041
31 49 1007 892 0.336754085719585 100 3 0.524400512708041
52 74 1004 820 0.127768608499318 250 5 0.524400512708041
65 77 7703 978 0.0469590975507163 250 6 0.524400512708041
30 60 5080 514 0.482368103433401 250 5 0.524400512708041
55 26 8066 454 0.420826497096568 250 2 0.524400512708041
72 47 8208 744 0.391325291669927 500 2 0.524400512708041
34 9 966 974 0.0583338383329101 100 2 0.524400512708041
24 56 5223 751 0.429975293269381 250 1 0.524400512708041
81 18 4920 845 0.386345766694285 100 2 0.524400512708041
40 68 4944 585 0.191907256871928 100 6 0.524400512708041
40 45 4732 743 0.194195413868874 100 6 0.524400512708041
91 11 1013 399 0.0841244794218801 500 4 0.524400512708041
23 42 4732 343 0.274357577343471 100 1 0.524400512708041
7 30 5171 471 0.379513201341033 500 4 0.524400512708041
78 33 1007 528 0.463387166373432 500 4 0.524400512708041
13 4 1017 517 0.2220903711766 250 1 0.524400512708041
68 69 1001 756 0.476202676042449 500 2 0.524400512708041
4 55 8109 819 0.127805229930673 500 7 0.524400512708041
72 1 4896 979 0.258028769036755 250 7 0.524400512708041
4 63 981 644 0.326214584193658 500 1 0.524400512708041
83 64 1001 510 0.0900086714443751 500 6 0.524400512708041
41 21 1000 552 0.192631274459418 500 5 0.524400512708041
11 71 1019 816 0.271611826175358 500 1 0.524400512708041
23 24 4881 840 0.201346431870479 250 4 0.524400512708041
85 7 1007 557 0.369511675212998 100 1 0.524400512708041
53 45 4661 788 0.251461275415495 500 1 0.524400512708041
10 62 4893 881 0.253910482886713 250 5 0.524400512708041
77 12 4562 867 0.361611751648597 100 2 0.524400512708041
1000 11 60
1000 19 50
350 18 45
5000 17 50
5000 19 60
1000 16 70
5000 15 60
1000 13 45
1000 15 45
1000 18 45
350 15 70
350 11 40
1000 11 40
5000 12 45
1000 19 35
5000 15 70
1000 19 55
5000 11 45
5000 17 30
1000 16 45
5000 18 75
350 17 75
350 19 70
1000 19 60
5000 20 50
1000 17 65
1000 12 65
350 14 40
350 10 55
5000 16 65
