100 10 10
91 15 11 16
90 69 1 25
11 43 13 1
98 33 16 16
91 26 12 16
39 69 15 1
17 87 11 25
78 60 7 1
19 83 7 1
76 88 14 1
78 25 14 4
2 65 8 9
21 62 8 25
73 34 14 4
17 93 11 16
64 60 10 1
89 41 10 1
28 44 9 4
33 31 10 4
89 32 9 16
66 96 6 0
29 41 5 4
71 65 15 4
5 78 11 25
84 75 13 1
75 14 10 16
63 79 13 1
59 38 9 1
31 68 11 16
16 49 14 1
70 29 11 25
74 66 12 25
50 23 13 0
72 47 8 1
75 92 13 16
85 43 7 4
35 21 5 16
72 52 6 1
9 59 13 9
84 63 11 16
11 25 9 25
44 74 16 4
42 25 5 0
75 37 0 25
86 25 8 0
17 30 6 1
81 8 17 9
71 95 20 16
19 46 12 16
20 93 8 1
5 55 16 16
48 40 7 9
37 7 14 4
51 34 9 25
5 44 9 1
46 8 7 4
27 52 5 25
73 22 10 4
84 34 9 16
91 12 11 16
80 98 6 1
31 68 8 4
91 68 8 1
83 60 22 9
47 32 9 0
81 88 4 1
47 81 6 9
31 20 12 16
78 32 1 16
49 10 17 16
55 4 7 4
39 54 4 4
79 87 14 1
35 49 10 0
87 10 13 25
77 18 12 25
94 29 0 16
69 11 14 25
56 11 14 4
71 25 13 1
40 6 16 4
73 4 29 16
60 93 11 1
43 82 6 0
63 39 4 1
94 41 5 4
61 56 14 4
32 15 17 9
80 81 10 0
48 99 1 16
76 22 7 0
70 89 14 9
46 28 2 16
28 49 15 16
22 72 12 9
35 37 9 16
92 6 8 25
15 17 9 4
38 37 13 25
30 75 14 4
72 92 1010 859 0.402085295019206 100 3 0.2533471031358
98 14 4865 904 0.213075360564981 500 7 0.2533471031358
43 12 4983 861 0.317570676151663 250 1 0.2533471031358
58 55 1001 881 0.292575328282546 100 7 0.2533471031358
26 21 7952 932 0.249403023158666 500 3 0.2533471031358
79 54 4879 774 0.455853989392053 250 2 0.2533471031358
44 55 1022 961 0.232486475103069 250 1 0.2533471031358
48 30 961 547 0.454533072730992 500 3 0.2533471031358
28 90 7778 408 0.44657319990918 250 6 0.2533471031358
24 12 7729 866 0.411240416378714 250 4 0.2533471031358
5000 17 35
5000 20 30
1000 11 75
350 11 25
5000 12 30
350 18 35
350 11 60
5000 17 60
350 12 35
1000 17 60
