100 20 20
87 66 14 25
26 52 10 4
28 67 14 1
63 6 8 1
51 66 9 16
57 37 10 9
59 67 6 4
34 10 14 9
26 30 23 16
93 68 1 25
30 60 11 1
33 67 11 1
88 99 5 16
32 21 6 9
64 87 9 9
83 95 4 16
13 8 6 16
91 61 11 4
46 15 11 9
71 13 11 4
88 26 12 1
32 91 10 9
39 48 8 4
46 17 8 0
13 68 14 25
24 74 14 4
59 85 7 0
11 85 14 4
42 79 14 4
81 12 8 9
77 69 13 4
22 88 10 1
90 75 4 25
61 20 3 4
25 24 14 0
50 54 6 16
84 36 12 4
61 30 16 4
90 58 15 4
57 64 8 4
51 63 7 1
32 17 10 1
34 55 7 9
13 70 9 16
73 36 6 1
22 43 15 9
38 5 7 9
28 60 13 0
58 89 14 16
19 24 8 4
12 53 5 9
10 10 16 16
10 64 19 25
87 55 13 0
79 34 9 9
7 59 13 25
20 17 13 1
29 38 8 9
28 82 10 25
40 33 13 0
31 80 7 16
5 67 7 0
78 37 6 0
44 84 8 9
70 55 11 1
45 56 7 0
95 46 10 9
98 30 15 1
75 38 9 9
93 78 3 16
64 26 13 4
82 88 10 16
12 88 9 4
52 93 3 4
9 23 8 4
58 13 12 4
5 55 12 1
43 40 17 4
69 10 8 4
30 23 3 16
97 35 11 25
74 77 9 9
80 50 10 4
80 6 9 9
81 58 10 9
53 21 9 4
22 71 12 0
12 31 15 4
63 50 15 16
38 5 9 16
16 17 5 16
83 18 8 9
12 90 13 16
24 42 12 4
70 7 14 1
77 29 4 4
82 62 12 9
82 11 11 16
47 18 10 9
3 67 14 1
13 79 8198 784 0.0854425400588661 500 4 0.841621233572914
67 57 7415 878 0.44866404338507 250 7 0.841621233572914
15 7 5001 493 0.0554916185745969 100 2 0.841621233572914
64 44 4752 664 0.370529453682248 500 3 0.841621233572914
45 86 4863 415 0.314553285895381 100 6 0.841621233572914
25 85 4790 412 0.211772587464657 500 6 0.841621233572914
38 36 4949 454 0.308064419222064 500 6 0.841621233572914
77 91 982 518 0.455796200071927 500 1 0.841621233572914
76 90 5147 901 0.498342384593561 100 7 0.841621233572914
22 10 977 948 0.173950461440254 500 7 0.841621233572914
21 92 974 684 0.0413836075994186 100 4 0.841621233572914
27 57 5368 752 0.270128868257161 250 5 0.841621233572914
16 7 971 804 0.425820667799562 100 6 0.841621233572914
91 89 1013 532 0.453314071339555 500 7 0.841621233572914
19 60 7846 1008 0.35373972222209 100 4 0.841621233572914
45 23 8058 983 0.412887700789142 500 7 0.841621233572914
21 48 8043 836 0.318133294181898 250 5 0.841621233572914
21 29 5068 482 0.364030284136534 250 6 0.841621233572914
21 93 8343 408 0.287524951389059 250 1 0.841621233572914
77 29 992 712 0.450644301311113 250 2 0.841621233572914
1000 10 35
1000 13 25
5000 15 50
350 13 65
1000 16 65
350 14 40
5000 14 25
350 19 55
1000 17 45
1000 17 45
5000 15 45
5000 19 25
5000 13 35
350 17 55
1000 13 60
350 13 40
350 13 65
5000 11 40
350 19 70
350 15 45
