1000 50 50
97 81 16 16
86 99 14 4
90 9 13 9
60 1 18 16
52 88 8 25
66 64 11 4
91 96 11 1
96 20 7 1
85 48 6 1
92 98 9 1
44 54 16 16
64 94 7 9
89 64 3 25
25 58 15 1
40 95 21 25
25 48 10 0
20 62 7 9
66 89 14 0
58 93 16 1
31 57 5 9
10 18 11 4
19 88 6 16
67 65 5 25
88 50 19 9
93 23 8 4
79 10 11 25
82 63 10 0
59 94 15 16
33 23 10 9
13 20 3 16
18 42 10 0
22 97 10 16
44 74 12 4
54 43 2 9
27 52 10 9
10 78 4 16
41 50 9 1
73 17 2 4
2 35 9 16
72 20 14 9
25 61 14 16
95 76 5 4
31 67 8 1
62 10 9 4
5 42 8 1
44 95 12 4
79 29 8 9
34 78 11 25
94 23 14 25
2 10 13 16
79 29 5 1
37 43 11 1
18 94 9 4
21 90 10 9
98 33 17 16
17 54 7 16
88 55 13 4
95 47 13 9
14 82 3 25
53 33 12 4
45 53 14 4
29 33 14 0
100 23 5 16
34 74 11 0
44 12 6 1
39 15 8 16
21 72 14 9
89 89 10 4
32 55 9 9
37 63 8 16
79 78 10 4
37 76 12 9
88 98 9 4
43 1 23 25
70 98 7 4
24 58 11 1
95 82 14 4
4 70 13 4
20 87 13 16
2 83 3 9
71 34 5 16
41 21 7 4
32 45 11 9
94 59 12 0
16 33 12 25
33 90 13 1
54 16 8 4
12 6 12 1
95 65 13 16
86 69 10 1
38 33 15 16
12 71 15 25
68 10 5 25
2 26 11 1
99 2 11 16
63 28 5 4
41 83 9 1
45 35 14 4
89 53 14 4
54 49 14 1
63 15 8 1
70 63 14 1
22 23 7 16
100 52 7 16
8 3 13 1
22 92 4 25
56 76 10 9
21 20 13 9
67 88 7 9
52 34 3 25
77 45 4 9
24 48 17 9
83 74 11 9
12 54 14 25
59 17 23 25
58 68 6 1
24 12 7 0
79 66 11 0
90 22 9 9
48 27 10 1
85 17 11 1
14 82 9 0
75 52 12 16
12 38 11 9
63 27 10 16
68 74 11 1
27 67 20 25
79 37 10 16
49 92 8 1
19 75 6 0
80 86 13 16
12 35 15 16
27 94 9 4
5 72 11 1
95 18 11 9
20 26 7 9
5 1 5 9
38 20 7 0
27 18 11 1
61 37 8 4
93 14 13 16
80 37 8 25
41 39 15 16
85 24 13 25
80 40 5 0
26 79 9 1
25 16 14 1
21 68 10 16
53 88 2 9
88 48 5 25
25 63 12 9
23 83 11 16
20 14 5 1
60 19 5 4
12 14 14 4
67 6 9 1
42 79 11 0
9 87 10 4
86 8 14 4
9 65 7 16
16 71 13 1
79 32 9 0
19 80 9 1
92 38 12 9
8 4 11 16
20 44 13 16
60 25 10 9
73 25 10 0
34 80 17 16
91 80 15 9
46 9 2 9
30 65 9 9
21 24 6 0
6 79 9 1
30 64 11 16
74 65 15 16
53 61 15 25
20 41 17 16
41 71 6 4
57 95 8 4
3 63 7 4
66 65 6 4
41 49 9 1
64 42 8 25
21 75 6 1
67 58 9 4
62 46 8 0
5 2 11 4
96 26 6 4
48 62 9 25
54 10 7 9
18 98 15 9
30 47 17 9
28 64 6 9
87 26 11 1
84 10 15 16
72 57 12 16
43 4 8 4
73 22 12 4
52 75 15 16
85 32 16 9
85 80 10 25
85 57 16 1
67 11 10 9
79 80 14 9
14 62 3 4
25 20 7 1
90 48 15 1
84 61 2 25
95 60 2 25
89 89 10 25
31 30 11 25
60 25 5 4
80 82 5 0
91 30 12 9
57 72 6 1
64 2 13 9
4 55 9 4
39 19 13 1
68 49 10 25
78 31 6 4
70 84 7 16
17 95 13 4
65 88 9 16
18 62 1 16
43 6 7 4
25 56 9 1
51 89 14 9
36 88 9 4
78 37 14 25
75 100 7 4
11 78 9 16
49 16 8 16
92 84 8 0
47 47 11 1
80 40 10 4
51 67 12 9
3 36 8 16
83 6 13 4
58 89 8 4
47 18 6 16
73 11 9 4
13 3 9 4
82 29 17 4
56 15 17 25
12 77 11 16
71 14 13 9
39 24 2 25
80 92 7 9
91 15 9 1
88 98 11 25
15 73 8 16
86 6 5 4
52 32 15 25
81 81 8 1
54 38 8 9
14 78 8 1
56 78 6 0
96 18 11 1
8 4 10 4
91 79 7 1
43 13 13 16
12 31 10 9
78 25 9 1
76 53 8 9
28 32 5 9
100 96 11 0
21 30 20 9
79 64 12 4
32 53 10 16
10 28 15 25
3 34 14 1
83 26 11 4
77 65 5 4
14 32 11 4
80 83 18 16
51 5 16 16
15 24 12 4
21 67 10 4
79 93 14 16
74 89 9 0
31 35 5 9
22 83 13 16
9 28 18 16
71 54 15 4
48 31 5 1
96 69 10 16
32 20 10 1
61 2 8 16
82 11 12 4
98 44 4 9
6 51 16 9
95 91 9 16
12 63 12 1
3 67 6 1
59 77 10 9
66 66 11 4
61 34 11 25
39 14 8 25
54 89 5 1
62 24 10 1
42 80 5 1
52 19 10 16
40 74 7 1
99 42 13 1
17 92 10 25
93 25 16 1
17 80 12 16
49 24 9 9
37 43 6 25
99 21 11 1
20 12 8 1
15 23 3 9
20 70 11 4
44 70 9 16
99 84 10 4
38 89 13 25
93 34 8 1
66 29 11 9
32 42 6 4
18 21 15 25
2 30 15 16
43 21 15 1
33 62 17 16
6 96 9 1
37 57 11 1
69 37 8 0
92 10 10 4
21 17 7 0
96 3 7 4
93 70 9 9
33 6 11 9
35 96 9 16
91 58 13 16
90 5 8 1
32 52 8 4
82 82 16 25
54 76 12 0
84 34 12 16
4 13 7 16
49 91 4 1
53 99 8 16
12 91 12 0
20 64 12 16
65 86 3 1
72 99 16 1
43 54 5 4
49 89 9 16
25 49 10 4
77 34 11 1
46 41 5 9
62 96 14 9
44 85 16 9
75 55 11 25
43 30 7 0
5 80 3 25
7 44 10 1
38 60 17 9
16 26 10 1
40 29 4 1
9 6 7 0
21 59 8 16
1 99 8 16
9 86 8 1
75 70 10 1
86 97 9 4
29 92 11 25
78 82 7 25
27 35 6 9
6 31 13 9
77 87 13 4
19 49 14 4
51 18 13 9
23 68 7 1
16 65 2 25
11 76 14 1
68 21 9 1
12 88 3 16
12 31 6 1
59 12 11 4
16 47 5 9
50 94 10 9
38 81 12 25
21 43 5 9
45 50 13 9
91 30 8 4
23 30 9 16
81 21 8 9
18 92 9 16
87 45 5 16
68 45 6 16
12 80 4 4
51 89 7 16
37 21 8 9
93 61 14 0
71 56 8 0
94 7 11 1
49 7 17 25
31 72 14 4
54 23 10 9
43 65 15 25
11 76 12 16
17 67 9 0
93 79 8 0
73 2 3 16
55 71 8 1
55 22 10 4
99 89 9 4
60 72 11 16
9 28 12 4
77 74 11 4
8 78 12 1
87 64 13 1
35 95 8 16
16 81 12 1
96 52 10 9
46 46 10 1
24 70 14 1
14 56 1 16
26 3 3 16
59 2 15 4
81 8 8 0
68 32 20 16
24 81 2 9
7 3 14 1
38 25 16 25
9 79 9 16
37 69 5 9
86 18 11 1
72 11 13 16
39 51 13 0
32 28 3 16
20 38 16 9
24 18 12 16
93 68 10 0
5 40 8 16
18 43 8 0
43 51 9 4
72 45 17 4
67 79 12 25
47 81 14 4
19 68 2 9
25 92 11 9
21 98 9 0
63 27 10 4
70 29 7 4
11 49 10 1
100 63 9 16
32 79 13 4
82 4 5 9
39 83 12 0
20 68 14 4
39 2 12 4
18 28 7 9
66 83 8 4
39 10 12 4
23 77 8 1
47 25 8 4
23 61 13 0
2 75 10 4
55 96 13 1
77 9 4 1
80 37 4 9
59 85 4 9
83 25 13 4
45 87 13 1
15 94 13 1
46 37 7 4
74 37 15 25
64 87 9 16
63 16 14 16
26 86 12 0
28 28 8 16
77 19 11 1
50 97 14 4
2 54 8 1
70 81 15 1
64 77 7 1
54 53 18 4
61 79 13 16
27 87 19 4
46 6 10 25
49 80 10 0
90 92 7 16
28 42 6 0
17 72 7 4
48 81 12 4
14 49 11 16
61 98 7 1
56 81 12 4
53 3 9 1
63 85 4 25
32 76 5 0
100 83 17 16
6 45 15 0
71 82 9 1
34 35 3 25
56 82 7 0
65 97 8 0
86 42 10 0
62 90 8 25
2 61 15 9
29 56 13 9
57 28 6 1
37 87 9 1
86 71 9 9
97 46 9 4
82 97 11 16
65 21 12 16
52 94 8 4
29 11 14 25
54 77 5 25
95 4 7 9
59 13 11 1
87 62 6 0
85 54 5 0
18 9 10 0
34 13 17 16
39 83 17 25
80 58 15 4
29 38 17 9
37 65 6 25
84 71 18 1
39 71 12 4
54 72 10 9
46 49 7 4
21 43 9 1
78 50 3 4
76 51 7 16
3 16 9 16
93 45 3 4
42 50 5 9
34 61 9 1
15 80 7 1
21 80 7 9
46 24 11 16
68 34 15 1
81 15 11 16
98 50 13 9
3 19 7 9
77 23 10 25
16 21 6 1
19 97 11 9
5 56 21 25
63 40 6 1
64 44 9 1
9 48 13 9
47 39 14 9
91 52 14 1
1 6 14 1
21 89 18 16
36 34 13 4
87 88 10 4
74 2 11 9
2 83 14 1
78 8 8 0
15 18 1 9
23 94 16 16
24 75 10 4
41 2 8 16
79 34 13 1
35 4 10 1
33 52 14 0
21 23 7 25
80 41 11 16
27 70 9 4
75 67 11 4
60 57 13 1
31 39 15 25
76 28 4 9
75 66 15 9
94 48 12 25
7 8 12 9
40 10 10 9
7 76 10 1
48 19 7 16
83 71 9 9
30 37 4 4
99 14 9 9
40 62 14 4
51 25 7 4
3 7 8 4
8 87 21 16
91 69 10 25
87 19 11 9
49 96 11 25
53 67 5 16
42 80 13 0
56 12 15 25
26 5 1 4
17 33 10 0
12 47 8 4
86 50 5 16
72 76 11 1
81 58 13 4
42 73 22 16
39 64 8 0
47 65 11 4
19 68 5 9
79 58 13 25
17 12 9 9
56 100 6 16
37 29 18 4
58 96 15 16
25 35 7 0
67 70 6 16
53 1 13 1
91 11 7 1
30 56 7 9
92 47 7 9
37 66 14 25
42 56 8 4
57 37 15 25
37 25 8 0
99 38 8 1
12 76 15 16
93 38 8 1
41 28 4 25
67 38 15 4
19 44 10 16
73 26 13 1
72 76 9 16
97 33 9 16
81 97 7 9
23 75 15 9
48 100 18 16
3 75 5 16
14 37 11 9
91 25 11 25
23 69 6 16
61 89 1 9
97 18 7 25
40 63 10 4
27 55 12 9
47 29 3 16
10 14 13 16
90 81 13 16
27 53 15 4
45 66 7 1
83 22 20 16
23 15 12 16
24 7 22 25
74 30 12 16
69 39 10 1
72 81 11 9
92 29 14 9
88 13 7 1
24 32 10 4
57 83 9 0
44 47 13 16
39 54 7 9
53 20 18 16
93 55 15 25
29 83 13 0
20 86 4 9
39 68 3 9
68 75 13 0
59 65 10 16
86 1 11 16
3 56 12 4
40 8 13 16
14 34 9 1
66 68 11 0
94 73 7 1
58 2 7 25
55 33 8 25
95 21 8 4
68 5 14 4
78 9 6 9
76 29 12 4
62 28 25 25
9 88 11 9
46 32 8 9
43 36 11 1
89 21 5 4
44 84 11 4
31 64 6 4
93 38 11 9
24 39 11 1
49 43 11 9
80 70 12 4
70 40 9 9
32 95 8 16
45 21 8 1
11 33 10 16
89 67 8 4
59 26 5 4
63 30 14 16
83 84 13 1
83 94 4 4
63 61 6 4
79 44 14 0
75 62 0 25
79 14 11 9
6 32 14 4
90 20 13 16
93 94 6 25
53 29 9 1
56 44 16 9
20 73 5 0
40 53 18 9
99 41 12 1
93 6 12 16
13 14 9 16
39 38 11 0
14 50 9 9
31 88 9 1
23 12 16 16
18 38 20 25
36 81 6 4
80 46 9 25
57 86 14 25
47 14 13 1
58 59 12 1
57 84 18 25
19 68 14 9
17 73 11 16
95 66 14 0
31 68 11 4
1 92 7 9
12 99 13 9
34 28 11 9
24 51 18 25
59 52 7 9
72 70 17 9
77 65 9 16
48 31 5 0
84 14 14 1
75 43 14 9
28 68 9 25
24 12 10 16
23 93 16 9
29 63 4 9
55 12 1 16
11 29 4 4
26 83 18 9
94 19 13 9
13 26 11 0
8 24 8 16
71 75 9 25
88 1 6 1
37 75 0 16
48 35 7 4
49 34 2 25
39 36 11 4
10 92 14 1
42 77 17 16
64 8 16 9
12 30 11 1
32 38 18 4
24 4 4 16
68 56 15 1
66 64 4 25
33 37 10 0
47 79 7 1
26 48 9 25
80 91 6 1
46 22 10 9
13 15 5 1
60 32 10 4
43 4 11 0
24 96 8 1
79 39 18 25
7 86 13 9
38 51 8 16
64 20 11 25
65 24 13 0
72 44 11 1
70 42 6 0
11 39 4 4
5 8 10 1
57 23 14 4
78 17 6 1
58 99 12 0
79 93 8 25
93 13 5 25
15 12 11 0
13 68 11 16
9 86 21 16
98 64 8 4
51 51 11 1
73 18 14 1
91 95 12 4
39 22 13 16
28 48 9 4
81 69 10 0
35 36 8 1
18 41 21 16
54 10 13 1
88 90 14 1
41 77 6 9
64 70 16 16
89 18 14 25
8 65 11 0
87 78 11 9
88 73 12 1
8 23 10 1
27 12 8 1
9 65 9 16
45 66 15 4
37 59 9 0
73 7 2 4
2 63 20 25
3 72 5 4
65 45 11 16
48 58 8 0
95 11 12 1
59 52 16 1
37 76 14 4
37 92 11 16
3 67 3 25
31 35 12 1
43 97 10 4
9 65 15 4
10 32 9 16
8 62 13 1
8 3 3 1
17 99 13 16
4 53 17 16
81 71 6 1
99 77 19 9
28 56 11 9
36 95 14 16
26 76 4 16
100 100 6 9
15 75 3 4
99 45 10 4
38 37 16 16
41 82 16 9
13 34 13 25
46 17 16 9
50 17 9 1
32 88 13 4
64 95 15 25
65 86 16 16
4 4 15 9
45 25 7 1
3 6 2 9
55 20 10 16
57 74 14 1
57 53 6 4
45 50 9 1
56 8 7 1
68 75 10 9
93 57 5 16
27 64 5 25
81 79 10 16
76 82 10 4
19 37 11 9
26 40 6 16
88 31 11 9
46 19 6 0
66 12 10 0
56 54 12 25
45 28 14 9
93 72 8 9
36 39 5 1
20 94 5 4
43 38 5 1
79 77 13 25
84 18 9 0
31 35 6 1
66 44 13 1
69 11 8 25
56 86 13 1
64 76 14 9
34 1 6 16
74 96 7 25
94 32 8 9
65 55 13 25
4 18 14 4
29 83 11 4
24 7 12 4
55 64 11 0
80 49 4 9
66 29 3 9
63 23 15 9
55 37 2 16
84 86 12 4
84 78 8 9
44 99 11 1
80 60 7 1
23 41 14 1
38 61 7 16
25 95 16 4
15 38 7 1
78 9 10 1
14 91 12 16
31 88 9 9
4 99 10 4
22 23 14 9
85 60 5 1
100 55 9 16
93 63 9 9
29 70 1 9
19 51 19 16
61 14 15 1
70 79 10 16
71 62 14 9
95 69 6 1
3 88 15 16
10 72 15 1
59 97 17 9
37 82 9 9
40 37 13 25
46 26 13 25
33 61 10 1
86 56 13 25
43 83 11 16
49 72 8 0
88 49 4 16
42 31 9 1
15 34 4 9
66 72 22 16
43 64 11 1
58 42 17 4
34 43 7 25
21 12 3 9
6 43 9 25
71 79 5 16
64 53 10 16
20 50 10 9
18 36 14 4
50 51 7 16
98 47 18 25
1 97 6 4
81 83 13 4
63 48 13 9
48 51 4 25
62 24 5 1
48 48 6 1
74 98 18 16
8 82 11 4
85 45 13 9
11 80 7 9
62 15 7 4
83 11 5 25
47 6 4 25
2 38 5 4
81 54 4 4
93 37 6 9
18 81 11 16
76 27 7 1
50 3 12 16
40 53 14 4
59 86 17 25
87 36 7 16
56 80 7 16
10 81 8 4
65 11 12 16
41 30 10 1
77 84 13 4
28 6 7 4
56 76 12 1
70 94 10 0
62 10 7 1
17 54 15 1
21 40 0 16
53 36 4 16
46 27 12 16
25 57 5 4
21 44 20 25
93 12 11 4
59 12 14 1
84 20 15 4
78 33 6 9
64 64 15 1
5 67 16 16
60 55 14 0
35 14 12 4
92 68 12 4
26 66 5 16
34 2 14 1
14 18 9 1
34 17 6 1
6 26 12 16
26 42 9 9
89 54 6 4
33 46 11 16
86 98 2 1
13 97 12 4
70 30 8 9
88 96 7 9
33 70 10 9
14 99 7 4
3 91 6 4
41 32 6 1
68 60 5 16
64 50 6 16
92 79 11 0
20 87 12 16
29 1 7 9
23 47 13 1
47 27 14 9
70 64 9 4
23 25 9 16
52 73 12 9
49 71 7 16
88 91 1 9
94 72 14 9
1 12 1008 3969 0.112690170027781 500 4 0.2533471031358
3 5 4992 7524 0.460007171146572 100 6 0.2533471031358
97 98 4865 5647 0.330459784660488 250 2 0.2533471031358
15 92 7861 6315 0.0418781591532752 100 7 0.2533471031358
32 2 988 6646 0.435506873177364 500 2 0.2533471031358
32 76 5120 9594 0.251275497281458 250 4 0.2533471031358
100 37 4910 7748 0.44961507915752 100 5 0.2533471031358
52 84 7906 6316 0.113674102986697 100 5 0.2533471031358
44 76 997 8110 0.277456592174713 500 5 0.2533471031358
92 3 7492 4152 0.37957420988474 500 6 0.2533471031358
2 76 1032 5902 0.237327727761585 500 2 0.2533471031358
89 21 4722 5810 0.209661565897986 100 1 0.2533471031358
71 42 8304 3985 0.344869469976984 500 6 0.2533471031358
47 17 987 4953 0.185589163126424 100 1 0.2533471031358
4 61 5028 7245 0.248780105584301 500 6 0.2533471031358
2 33 4801 5372 0.312551046246663 500 5 0.2533471031358
88 62 5057 9310 0.373902480162215 500 5 0.2533471031358
46 91 5179 4862 0.1740805722191 250 6 0.2533471031358
74 2 972 5970 0.230349932834506 500 6 0.2533471031358
30 56 7967 6196 0.39204478606116 500 5 0.2533471031358
32 90 1005 8510 0.0761166065954603 100 4 0.2533471031358
3 25 7712 6693 0.0707352961879224 250 7 0.2533471031358
84 66 1011 7784 0.300813951308373 100 5 0.2533471031358
4 8 996 4360 0.134977530941833 100 7 0.2533471031358
2 94 8417 6778 0.289734151833691 250 4 0.2533471031358
63 57 984 6897 0.228351784022525 100 5 0.2533471031358
24 41 5158 7108 0.480446166987531 250 6 0.2533471031358
22 20 1001 6857 0.154189038625918 250 4 0.2533471031358
83 46 5209 6667 0.381126248480286 250 5 0.2533471031358
66 59 5105 8455 0.156821001216304 250 1 0.2533471031358
32 24 5257 4686 0.380793720893562 250 3 0.2533471031358
86 54 7823 4357 0.0598966904031113 250 2 0.2533471031358
78 62 7889 3505 0.206758755401243 100 1 0.2533471031358
54 98 7906 5246 0.410101263944525 250 4 0.2533471031358
97 30 8304 6991 0.4535257740831 500 4 0.2533471031358
44 65 8352 7099 0.190668600029312 500 6 0.2533471031358
45 57 4802 8118 0.0838186123641208 500 1 0.2533471031358
96 55 7679 5329 0.236707991110161 250 1 0.2533471031358
92 56 5146 6773 0.452004134706221 100 2 0.2533471031358
31 52 7675 5250 0.357017490959261 250 1 0.2533471031358
18 3 959 6147 0.159271699786186 250 4 0.2533471031358
25 52 4829 6677 0.131344108143821 500 6 0.2533471031358
75 83 5160 5745 0.252869713089895 250 4 0.2533471031358
17 61 7962 4670 0.398193678956013 250 3 0.2533471031358
76 12 8008 3493 0.294743387710769 100 7 0.2533471031358
33 71 7771 7015 0.43324547388358 500 4 0.2533471031358
27 82 5094 6353 0.0928589355410077 100 7 0.2533471031358
40 92 5187 6161 0.0752544971415773 500 1 0.2533471031358
15 74 4615 5121 0.316865185021888 100 4 0.2533471031358
8 32 5361 7195 0.485024503364693 500 7 0.2533471031358
5000 17 45
5000 19 60
5000 10 70
350 13 70
350 10 75
5000 14 50
1000 13 65
5000 18 55
5000 11 60
1000 12 30
5000 12 55
350 13 75
350 19 55
1000 17 45
5000 11 65
350 18 45
350 14 60
1000 13 50
1000 14 65
1000 11 55
5000 17 40
5000 11 55
1000 20 60
1000 13 45
5000 15 30
1000 13 30
1000 13 65
350 10 65
5000 18 30
5000 16 50
350 17 75
350 12 65
5000 19 70
5000 13 35
1000 14 30
350 18 65
5000 12 55
350 15 40
1000 11 30
5000 17 35
1000 10 65
5000 15 70
350 12 65
1000 12 45
5000 14 50
350 18 35
350 19 45
5000 16 50
350 16 25
5000 11 60
