100 20 20
12 83 7 25
23 66 11 1
65 10 5 0
5 61 15 25
92 73 5 4
46 31 9 4
33 59 11 9
20 71 6 1
100 67 11 4
89 71 6 16
22 57 12 16
95 47 13 9
66 67 10 4
75 93 7 16
36 65 13 1
24 5 8 9
27 71 11 4
73 88 11 9
25 64 8 4
29 73 15 4
27 70 3 25
98 89 3 16
10 2 8 9
75 2 6 0
71 68 3 4
97 72 13 25
46 30 13 16
90 35 3 25
9 24 11 0
1 67 3 9
21 26 3 25
67 53 14 0
73 3 15 25
96 8 5 9
78 12 18 9
43 62 6 4
21 68 5 0
53 85 7 4
9 67 12 4
49 50 3 9
23 58 14 4
38 62 8 25
35 63 11 9
63 26 6 16
96 27 11 9
25 24 9 4
48 69 8 25
60 40 14 4
72 91 3 25
20 3 14 1
35 41 14 1
18 11 10 1
79 46 10 1
22 5 8 16
87 11 8 0
89 49 16 1
58 61 16 25
55 45 7 9
99 8 2 25
6 84 6 9
53 60 13 16
38 61 6 16
54 12 8 4
62 4 13 9
56 68 14 16
58 96 9 9
57 44 4 9
43 41 18 25
84 82 5 9
18 93 11 9
19 59 6 16
8 97 14 1
11 82 14 0
24 63 16 4
66 26 5 9
11 21 6 16
20 71 8 0
54 18 9 4
4 59 11 4
13 94 6 1
40 84 16 16
77 8 14 9
47 99 3 4
31 11 18 16
13 68 13 1
60 93 15 16
34 55 13 1
55 78 12 16
73 80 7 1
84 8 19 16
95 34 13 1
47 30 4 4
65 68 17 25
67 47 18 9
41 22 11 16
13 7 9 25
13 56 1 16
41 32 19 16
95 4 10 9
96 33 12 4
42 72 5155 576 0.334312585978769 100 5 1.2815515655446
25 70 7651 861 0.351345243630931 250 5 1.2815515655446
81 20 986 730 0.30059048545314 250 4 1.2815515655446
75 95 5082 657 0.244892213218845 250 6 1.2815515655446
11 28 4978 525 0.108009033198468 500 4 1.2815515655446
89 68 4944 510 0.418384557336103 250 3 1.2815515655446
40 53 5151 942 0.46626847893931 250 2 1.2815515655446
84 99 1001 469 0.0732007494778372 500 3 1.2815515655446
69 63 4855 394 0.0517713378020562 100 3 1.2815515655446
12 77 4838 915 0.271827443572693 100 4 1.2815515655446
100 69 5068 378 0.396510093635879 250 3 1.2815515655446
19 60 8387 706 0.27113482036395 250 1 1.2815515655446
45 10 5021 950 0.03158074591076 100 4 1.2815515655446
53 90 992 766 0.458202662933618 500 5 1.2815515655446
18 41 1017 939 0.198312598054763 500 7 1.2815515655446
10 7 7847 889 0.19678187442245 100 1 1.2815515655446
88 26 1024 353 0.139050717868377 250 3 1.2815515655446
94 80 4949 398 0.0537694285064936 250 3 1.2815515655446
50 94 1002 924 0.0420158553193323 100 5 1.2815515655446
13 47 8282 622 0.429123027846217 250 6 1.2815515655446
350 11 40
350 10 55
1000 15 65
5000 12 70
5000 19 25
5000 19 60
1000 12 45
5000 15 30
1000 14 55
1000 18 45
350 14 45
350 11 30
5000 19 50
1000 19 40
1000 14 40
350 15 70
5000 12 55
1000 11 60
1000 18 30
5000 20 30
