100 20 20
100 31 9 4
98 96 14 4
12 28 9 9
13 23 9 16
80 44 16 16
70 55 10 4
73 80 5 4
12 20 11 0
81 56 17 16
17 76 14 25
53 98 8 0
10 62 19 9
89 42 15 9
66 93 10 4
37 51 13 4
10 37 7 1
40 57 9 4
84 58 8 16
75 97 9 0
41 70 5 4
47 82 6 16
36 3 2 9
57 64 9 9
88 56 4 1
84 19 6 9
31 69 10 4
39 11 9 0
29 11 0 25
10 33 7 9
100 24 9 25
3 60 10 4
81 14 5 4
5 64 14 16
10 20 13 16
55 83 6 1
2 16 14 9
32 61 7 0
53 16 10 9
66 95 10 4
10 70 11 0
93 76 5 9
68 64 12 9
21 70 14 1
30 14 9 0
18 66 14 25
64 34 14 9
76 83 11 4
57 55 2 16
85 29 16 16
7 7 8 16
72 64 4 25
58 39 13 9
18 77 12 9
15 45 3 9
47 84 14 1
57 92 6 0
75 83 10 4
4 79 19 16
65 43 17 16
52 56 13 4
10 81 9 25
61 61 8 4
27 27 15 9
90 90 10 4
88 35 9 4
64 41 12 1
85 67 9 16
7 10 9 1
98 99 13 4
47 46 7 4
94 25 4 4
75 57 12 1
23 70 7 4
55 72 10 16
3 59 12 4
78 26 10 1
40 22 11 16
19 29 5 9
31 42 9 9
84 4 6 0
62 54 8 16
91 47 8 1
19 78 6 9
74 45 5 0
5 4 6 1
48 18 15 9
33 32 8 16
55 99 10 1
98 18 8 4
96 26 19 16
83 66 10 25
92 96 14 16
76 3 4 9
12 16 8 16
42 60 6 16
77 75 6 0
93 8 9 4
34 6 11 16
25 6 13 0
58 69 15 1
5 23 5094 831 0.0604467627848499 250 1 0.2533471031358
52 22 4896 447 0.230404689291026 100 4 0.2533471031358
64 26 1009 694 0.428150994349271 250 7 0.2533471031358
67 85 1029 568 0.434115474801511 250 5 0.2533471031358
56 28 986 404 0.144901531648356 250 1 0.2533471031358
57 75 7923 331 0.0563106542523019 100 7 0.2533471031358
11 64 4986 398 0.483986213698517 100 3 0.2533471031358
79 61 4938 840 0.325176480996888 500 1 0.2533471031358
9 3 1021 888 0.392182059169281 100 4 0.2533471031358
5 32 7751 464 0.188302621820476 250 4 0.2533471031358
11 47 7741 705 0.322948905108497 100 1 0.2533471031358
51 50 4803 633 0.113808865980245 250 6 0.2533471031358
86 15 4991 716 0.451576606209856 500 7 0.2533471031358
70 49 8458 640 0.213963056488428 500 4 0.2533471031358
95 68 5216 397 0.119233120926656 100 5 0.2533471031358
16 43 7773 924 0.143146380048711 250 2 0.2533471031358
97 43 8617 449 0.365965727139264 250 5 0.2533471031358
6 37 7962 529 0.315686540140305 500 4 0.2533471031358
95 43 8006 863 0.415080125990789 100 6 0.2533471031358
59 62 5126 687 0.407776540121995 100 1 0.2533471031358
350 15 60
1000 17 30
350 15 70
1000 19 50
5000 12 45
5000 18 60
1000 14 25
350 13 55
350 18 50
5000 12 50
350 11 70
5000 17 55
1000 15 60
1000 20 50
5000 14 60
350 12 60
1000 18 45
5000 18 35
5000 17 30
5000 13 60
