100 10 10
63 67 8 9
60 46 15 1
7 55 4 1
34 38 18 25
60 62 22 16
45 26 6 1
79 34 6 4
89 59 17 25
3 62 9 0
9 19 14 1
77 88 8 16
1 78 9 16
42 33 12 1
14 14 15 1
28 74 5 9
65 7 13 25
60 84 6 9
29 41 10 16
83 49 9 4
49 85 15 9
99 22 10 4
100 46 17 16
10 73 12 1
43 54 9 25
89 91 13 1
56 26 15 9
81 69 10 9
75 13 14 16
4 14 9 9
43 98 17 9
62 53 8 0
46 60 12 4
12 9 8 16
11 2 7 9
35 99 11 4
90 88 15 4
84 5 13 1
7 5 5 4
13 78 16 4
28 36 9 0
5 83 12 0
21 77 14 1
1 72 9 1
60 86 12 1
69 61 10 1
86 16 12 16
76 43 15 4
19 16 10 1
99 67 9 4
35 44 8 9
100 93 5 4
17 25 15 25
14 40 10 4
63 34 14 1
33 14 20 16
66 20 12 1
10 21 10 0
77 20 9 0
44 6 12 9
52 37 9 1
21 95 19 25
96 86 9 4
94 84 8 1
65 30 7 4
23 99 16 9
39 13 9 0
67 29 16 4
52 60 7 16
24 66 10 9
98 72 7 16
41 53 7 9
82 56 12 1
68 50 13 1
58 79 9 16
75 97 7 16
84 78 13 0
91 82 12 9
90 21 8 25
55 28 15 9
82 44 10 9
5 46 15 16
77 58 5 25
48 5 10 4
99 18 5 16
82 90 13 0
34 3 15 0
51 7 6 0
17 99 14 16
80 35 11 1
87 91 2 25
58 69 13 4
86 3 12 9
64 86 15 16
33 34 8 16
79 95 6 9
17 28 4 4
91 86 13 9
22 44 9 9
62 77 5 9
78 53 5 4
98 21 4925 680 0.318010764194187 500 1 1.2815515655446
97 28 994 505 0.0731809256132692 100 4 1.2815515655446
41 23 4988 362 0.333887714999728 100 6 1.2815515655446
89 18 993 731 0.442275321288034 500 4 1.2815515655446
52 59 5315 982 0.0462251426978037 250 1 1.2815515655446
96 82 1029 782 0.49577130984515 500 5 1.2815515655446
21 82 5100 801 0.0963194262399338 100 4 1.2815515655446
26 82 4921 855 0.415023580675479 100 7 1.2815515655446
82 37 999 902 0.258723312967923 250 7 1.2815515655446
59 73 1034 987 0.214930974526796 500 2 1.2815515655446
350 14 75
1000 17 65
1000 14 35
1000 17 35
5000 17 70
350 11 40
5000 10 30
350 13 45
5000 20 30
350 18 30
