100 20 20
39 81 11 25
23 97 15 16
20 45 18 9
48 94 6 1
47 65 9 9
55 90 6 4
23 79 12 9
33 69 11 16
23 93 6 9
49 74 5 4
12 29 11 1
56 8 9 9
45 87 7 1
74 80 5 1
29 84 12 9
36 16 11 1
40 4 7 9
47 63 0 16
7 41 10 0
69 94 11 4
54 13 6 1
52 72 12 9
63 24 15 4
66 71 11 25
99 20 13 4
44 78 7 4
8 63 4 4
94 83 9 1
76 89 15 16
84 92 13 9
35 24 21 16
17 53 6 1
84 78 10 1
88 3 2 9
7 71 4 25
14 3 11 1
28 23 11 16
38 90 5 1
64 50 3 4
71 89 6 4
5 57 9 9
50 58 13 25
65 89 13 25
59 75 12 1
56 85 9 4
24 83 8 9
2 89 15 9
24 42 9 9
50 90 11 9
11 96 6 9
49 98 5 1
98 53 12 4
5 64 8 16
98 13 3 25
59 23 11 1
31 78 13 4
42 81 14 4
48 20 12 1
8 53 9 1
97 11 13 16
75 45 10 4
10 72 14 4
45 21 12 1
12 28 11 1
27 64 10 1
44 34 1 9
70 20 16 16
94 94 8 0
55 95 10 4
64 47 16 4
40 23 19 16
36 53 14 0
47 62 5 25
42 9 9 4
83 69 11 0
14 11 6 16
92 89 14 4
39 86 9 1
1 62 7 0
57 91 8 25
21 47 14 16
73 22 10 1
79 3 19 9
33 65 6 16
91 87 7 4
56 14 10 1
25 13 6 1
54 83 10 16
22 29 13 4
24 15 7 25
30 37 7 4
35 10 11 1
80 94 11 25
91 75 14 1
88 19 7 0
32 81 16 16
95 43 12 9
90 75 4 9
78 25 8 4
65 12 10 9
92 78 4696 786 0.410007421246264 100 2 0.524400512708041
18 25 4788 449 0.0519269597623497 100 6 0.524400512708041
36 54 7820 923 0.479925664560869 500 6 0.524400512708041
82 28 4787 558 0.367247292955872 500 3 0.524400512708041
90 4 1025 762 0.0651720858598128 500 7 0.524400512708041
9 86 4814 387 0.284022909638006 250 3 0.524400512708041
53 79 7913 521 0.139376481890213 100 6 0.524400512708041
38 86 5085 392 0.105832341681235 100 4 0.524400512708041
60 24 4775 867 0.440402095268946 250 1 0.524400512708041
84 72 994 872 0.492734408804681 100 5 0.524400512708041
23 86 5074 440 0.499456038211938 100 7 0.524400512708041
81 74 999 815 0.0924422760005109 250 6 0.524400512708041
97 98 967 410 0.425237752837129 500 2 0.524400512708041
56 52 982 709 0.198728814730421 250 1 0.524400512708041
12 72 1014 914 0.384165343053173 250 3 0.524400512708041
41 3 8229 902 0.191143095397856 100 2 0.524400512708041
90 23 992 453 0.468337913888972 100 7 0.524400512708041
40 33 4733 617 0.391770000848919 500 1 0.524400512708041
40 68 1007 883 0.0303710095537826 500 6 0.524400512708041
30 97 974 744 0.24455009941943 500 4 0.524400512708041
350 14 35
5000 11 50
350 17 55
5000 16 50
350 12 45
5000 11 40
5000 20 40
350 10 35
1000 16 65
350 18 70
5000 13 75
350 14 30
5000 19 60
1000 17 50
1000 12 45
5000 12 30
350 17 35
350 18 35
1000 19 70
350 14 40
