100 30 30
53 67 13 4
13 43 16 1
59 74 7 1
42 18 6 4
89 38 14 4
77 22 11 16
25 99 8 1
93 63 12 0
32 14 9 25
13 75 6 1
45 18 13 9
10 51 10 0
9 80 12 9
21 38 12 1
51 3 11 4
33 27 4 9
55 21 5 4
66 50 13 4
28 3 13 4
78 47 12 9
46 78 13 9
29 58 15 4
85 37 13 0
9 44 13 1
50 18 5 16
29 14 14 16
17 9 7 0
22 61 13 1
74 28 8 1
80 44 9 9
63 77 5 9
3 70 16 25
94 89 12 25
16 71 11 16
82 50 6 0
2 6 13 1
27 56 11 1
40 16 4 9
41 50 17 9
10 43 10 9
97 52 7 25
23 41 12 1
69 89 14 1
17 20 8 16
26 30 8 1
20 55 11 9
63 100 10 4
89 37 5 4
83 98 23 16
62 87 15 25
3 4 18 16
31 60 12 16
32 78 8 4
6 22 2 4
40 91 11 9
6 32 6 1
39 51 14 0
95 76 8 4
75 75 10 16
61 46 14 4
40 40 10 16
80 42 12 4
2 87 14 1
90 57 20 16
56 18 8 25
26 35 6 16
24 99 7 4
92 73 5 9
81 27 16 16
6 39 4 25
75 25 15 1
39 28 14 25
99 72 7 4
40 39 4 9
94 70 12 1
9 49 4 4
62 19 7 9
13 39 9 16
37 51 8 9
67 29 13 0
60 53 15 4
39 32 13 1
24 38 11 16
44 41 14 0
58 14 8 4
31 39 14 16
91 40 10 9
81 52 9 9
7 85 6 0
15 72 11 1
36 82 12 16
42 89 7 0
31 94 12 4
58 97 11 0
98 12 7 16
57 45 8 1
98 43 9 1
22 21 13 4
35 10 15 0
60 63 15 1
89 21 1037 967 0.360421379986219 100 5 0.2533471031358
94 7 5016 1015 0.181820490041282 500 6 0.2533471031358
72 59 8204 1051 0.303087042693514 100 1 0.2533471031358
62 3 1035 671 0.384691790724173 250 7 0.2533471031358
15 54 989 429 0.327380744817201 500 2 0.2533471031358
38 57 987 403 0.447497843694873 250 3 0.2533471031358
76 71 5173 979 0.314264794415794 100 7 0.2533471031358
96 42 7612 891 0.398289739917964 250 2 0.2533471031358
79 76 1027 851 0.460309305533301 100 2 0.2533471031358
57 68 984 989 0.474163085280452 500 7 0.2533471031358
1 44 988 351 0.292144866941962 250 2 0.2533471031358
83 72 5285 820 0.302192153362557 250 6 0.2533471031358
46 3 4842 936 0.0498456731718034 500 6 0.2533471031358
18 48 7765 481 0.18535325919278 250 5 0.2533471031358
97 42 4810 765 0.283405675769318 500 1 0.2533471031358
96 24 4731 801 0.0334223643806763 100 5 0.2533471031358
74 82 7698 623 0.170932654144708 500 6 0.2533471031358
60 74 8035 989 0.478623084933497 100 4 0.2533471031358
94 29 989 837 0.177179979796056 100 3 0.2533471031358
53 21 1011 800 0.236108909337781 500 6 0.2533471031358
27 10 1014 741 0.260058797551319 100 5 0.2533471031358
48 52 5189 605 0.0594878007494845 500 1 0.2533471031358
71 47 5269 718 0.253793923968915 100 5 0.2533471031358
99 32 8007 540 0.0494893614342436 100 4 0.2533471031358
19 81 7792 824 0.352737085637637 100 3 0.2533471031358
51 34 969 432 0.401627597436309 500 3 0.2533471031358
26 98 7901 981 0.362184240957722 100 6 0.2533471031358
91 19 8149 440 0.169784188307822 250 1 0.2533471031358
49 45 983 762 0.0699977209395729 100 6 0.2533471031358
83 82 5123 529 0.112404441446997 500 2 0.2533471031358
5000 12 55
1000 16 40
5000 12 55
1000 10 25
1000 20 55
1000 17 35
350 12 70
1000 15 40
1000 17 25
5000 12 40
1000 13 70
5000 20 30
350 13 50
350 16 50
350 11 65
1000 16 45
5000 13 30
5000 18 35
350 14 30
350 18 40
350 10 30
350 12 40
5000 11 60
1000 12 25
1000 20 70
5000 13 35
350 12 40
350 18 45
350 15 75
1000 15 60
