100 30 30
44 82 3 16
52 22 15 9
63 16 9 1
37 61 3 16
48 82 9 0
13 57 3 16
23 97 13 1
26 55 9 4
97 29 8 9
4 53 16 9
52 63 15 1
43 56 6 0
89 98 10 1
63 88 10 16
12 38 13 1
80 85 10 4
26 23 12 9
44 19 1 16
71 78 14 0
71 48 12 9
27 44 9 9
23 61 6 9
71 34 9 16
84 92 14 4
43 3 12 4
43 49 7 4
73 69 13 1
92 6 12 1
72 9 8 0
26 84 8 1
50 18 13 1
11 59 8 1
17 7 10 9
66 53 11 4
5 63 12 1
87 98 9 4
74 66 15 9
68 79 11 16
95 18 15 9
79 82 16 9
4 45 13 0
57 13 8 16
20 94 1 25
66 29 5 1
62 46 13 4
48 84 8 4
85 32 9 25
84 61 11 1
51 56 14 1
65 78 9 0
8 66 5 1
43 51 9 16
34 62 9 16
86 18 4 9
7 36 12 9
62 64 17 16
70 44 11 16
30 67 14 4
88 36 14 25
88 91 5 9
31 98 14 1
29 15 9 16
87 59 13 16
38 65 11 1
61 59 6 16
100 19 4 16
52 21 6 0
96 73 15 1
41 70 8 16
14 71 16 9
90 82 11 4
81 97 14 1
21 91 15 16
97 86 15 16
67 32 11 25
87 35 4 4
51 62 9 0
64 28 2 16
82 93 10 4
57 27 12 9
98 48 5 1
33 100 10 16
99 23 12 1
13 23 8 9
81 65 14 0
86 22 5 9
18 47 9 25
66 44 6 4
97 67 16 1
17 2 7 4
24 93 11 4
54 16 15 4
98 28 4 9
35 43 15 0
32 35 6 0
65 92 10 9
81 33 4 4
20 80 7 9
95 91 12 16
59 57 3 16
5 13 5347 538 0.379809655961581 250 4 0.524400512708041
39 12 5070 847 0.423307213957887 500 7 0.524400512708041
57 68 8114 749 0.268878245528322 100 6 0.524400512708041
17 71 997 412 0.267189480648376 500 5 0.524400512708041
59 17 1041 640 0.322679853392765 250 1 0.524400512708041
66 81 991 933 0.057724385841284 100 5 0.524400512708041
16 39 987 379 0.450358447213657 100 7 0.524400512708041
6 65 8166 364 0.2174629991455 500 3 0.524400512708041
92 1 1015 393 0.420484643303789 250 2 0.524400512708041
87 60 987 578 0.150314558269456 250 5 0.524400512708041
45 82 1007 621 0.250158522122074 250 3 0.524400512708041
15 46 8329 459 0.330919364336878 100 3 0.524400512708041
41 47 7753 461 0.120475536484737 250 3 0.524400512708041
30 73 966 812 0.351522641913034 500 1 0.524400512708041
94 23 5180 805 0.311831298742909 250 4 0.524400512708041
24 72 1002 499 0.447392408924643 500 2 0.524400512708041
96 75 8058 423 0.189297998792026 250 1 0.524400512708041
67 39 5190 707 0.444645549117122 500 4 0.524400512708041
12 82 7681 851 0.249479633851443 100 5 0.524400512708041
89 81 988 928 0.121842527722474 100 2 0.524400512708041
89 36 8010 356 0.143009646323044 250 4 0.524400512708041
19 12 8106 844 0.244862567756791 500 4 0.524400512708041
15 10 4678 769 0.23360032558674 100 3 0.524400512708041
38 41 4550 729 0.15882785116788 100 1 0.524400512708041
24 64 8178 639 0.206485322967637 100 2 0.524400512708041
16 89 971 813 0.0604062235262245 250 6 0.524400512708041
61 61 7704 757 0.461363332495093 500 1 0.524400512708041
56 15 961 713 0.42504487846978 100 2 0.524400512708041
62 91 7659 814 0.497747931508347 250 7 0.524400512708041
28 75 4914 868 0.457600972997025 100 4 0.524400512708041
1000 11 45
1000 19 55
350 19 35
350 13 40
1000 15 75
1000 17 70
5000 19 25
5000 18 40
350 19 40
5000 19 30
5000 10 55
1000 14 75
350 10 45
5000 18 65
350 12 40
350 14 30
350 11 55
350 12 40
1000 17 65
350 11 35
5000 18 45
1000 18 55
350 11 55
1000 13 70
1000 15 50
5000 11 55
350 18 70
5000 13 50
5000 19 40
1000 19 65
