100 30 30
32 90 11 4
19 4 12 9
87 13 12 16
64 36 13 1
100 43 10 16
49 25 7 16
91 80 8 9
27 13 3 4
7 60 15 16
76 98 6 1
70 2 15 4
76 91 11 16
31 11 15 1
51 37 16 9
14 79 8 4
23 27 4 25
51 29 9 9
31 81 5 9
92 84 10 25
22 25 7 9
6 93 6 1
4 61 12 9
67 81 5 1
8 92 14 1
77 98 12 0
72 70 5 1
93 23 16 25
17 78 14 16
98 95 13 9
54 85 7 25
11 71 8 4
90 35 8 4
42 48 7 1
20 26 11 16
66 97 9 1
48 25 9 16
65 38 7 1
52 74 6 1
51 97 14 25
23 72 8 1
64 9 19 16
36 61 9 0
11 16 12 0
8 52 10 1
17 56 12 16
89 10 16 1
42 76 9 9
95 59 15 9
14 45 11 1
65 77 7 1
15 46 15 4
89 14 12 0
5 66 11 4
69 50 9 1
31 89 11 0
27 8 10 9
100 90 19 9
66 63 5 1
67 13 7 9
52 93 1 4
2 46 7 0
68 57 8 0
16 4 18 25
17 48 14 0
83 70 17 9
39 30 10 1
19 83 11 16
77 83 9 1
35 17 7 1
49 14 14 16
38 90 13 4
52 89 6 0
20 30 5 9
57 6 2 16
76 55 11 4
50 88 8 0
3 81 8 9
30 83 13 25
57 36 12 1
32 58 3 25
87 25 6 16
52 33 10 1
60 16 9 16
65 15 12 4
35 57 7 16
3 42 5 25
28 51 10 0
39 69 9 4
11 71 13 0
71 9 15 0
59 56 13 16
25 59 15 9
48 70 4 1
81 78 20 25
40 80 10 9
59 18 17 4
13 14 13 0
69 48 6 1
32 82 16 9
11 61 13 0
65 73 8394 714 0.486279529791791 500 1 0.841621233572914
42 34 8062 1020 0.0432770055811852 250 3 0.841621233572914
25 3 990 626 0.498610783666372 500 6 0.841621233572914
39 53 1028 513 0.336183574912138 100 5 0.841621233572914
77 8 5287 941 0.208671797015704 250 3 0.841621233572914
89 92 7992 447 0.233558517592028 500 2 0.841621233572914
14 58 976 453 0.395494445557706 250 1 0.841621233572914
94 31 8176 966 0.469368726066314 250 1 0.841621233572914
62 90 7782 358 0.479200590313412 100 2 0.841621233572914
55 20 984 679 0.434996723304503 250 4 0.841621233572914
44 89 997 816 0.468924852935597 100 4 0.841621233572914
41 55 998 518 0.260935938255861 500 2 0.841621233572914
58 68 999 612 0.304675361188129 250 7 0.841621233572914
97 30 5137 390 0.074770927913487 100 1 0.841621233572914
52 47 8622 925 0.0675918183615431 250 6 0.841621233572914
50 50 991 662 0.454734812164679 500 5 0.841621233572914
82 43 8109 744 0.0523044094047509 100 3 0.841621233572914
72 77 5104 642 0.283898467463441 250 6 0.841621233572914
64 10 8243 824 0.163975968889426 250 3 0.841621233572914
66 99 5345 961 0.106143632985186 100 5 0.841621233572914
27 15 4900 478 0.454258333260659 250 4 0.841621233572914
67 19 999 536 0.316606498553883 500 6 0.841621233572914
11 98 982 1025 0.105518187349662 500 5 0.841621233572914
4 46 971 1025 0.392607017802075 250 1 0.841621233572914
19 91 7682 982 0.498279263277072 500 2 0.841621233572914
80 33 4888 731 0.338191628598142 250 5 0.841621233572914
68 43 5147 466 0.498337797271088 500 2 0.841621233572914
96 7 8125 830 0.382090772972442 250 3 0.841621233572914
84 42 4952 603 0.451003214865923 500 6 0.841621233572914
85 79 8105 646 0.0499336224957369 500 4 0.841621233572914
5000 18 75
350 14 70
1000 17 25
5000 11 40
350 19 45
1000 13 50
350 20 50
1000 20 55
5000 14 55
5000 16 50
350 17 65
1000 13 60
1000 20 45
350 18 70
350 15 60
350 16 65
1000 18 60
5000 12 45
5000 16 25
350 20 45
350 19 75
1000 15 45
1000 12 70
350 20 55
5000 13 30
5000 18 60
5000 18 75
1000 17 70
1000 19 40
5000 19 35
