100 30 30
34 17 15 9
15 43 12 16
58 66 11 25
2 65 8 1
30 80 12 4
32 16 14 0
35 40 0 25
90 7 14 1
81 65 7 1
62 69 8 9
65 58 16 25
76 86 14 25
19 7 8 0
65 69 9 16
2 100 7 1
16 80 7 0
49 82 3 25
48 17 9 16
9 16 8 1
34 50 10 16
26 73 17 25
53 51 5 25
98 6 7 16
35 72 16 4
10 89 17 16
86 65 15 16
42 45 7 1
96 61 13 0
84 11 10 9
20 77 7 16
16 10 7 4
36 18 10 25
63 7 13 4
48 58 11 9
91 92 11 0
53 17 13 16
43 9 12 4
96 75 15 0
19 25 9 9
11 70 4 4
29 84 17 16
90 61 12 1
6 15 8 1
34 23 11 16
31 96 13 1
35 49 6 25
42 97 11 1
79 20 18 4
45 77 4 9
89 69 5 9
16 72 12 4
78 87 4 4
10 2 11 16
25 60 14 4
18 5 10 4
11 99 11 1
62 24 16 16
75 19 5 1
17 55 7 9
76 68 10 1
80 71 9 16
65 46 5 4
65 13 11 4
42 52 13 25
76 4 15 16
94 36 2 16
60 82 10 16
96 53 13 1
18 32 13 16
82 93 6 16
90 20 13 1
99 52 4 16
68 11 11 25
97 7 7 16
48 27 8 9
9 18 12 9
8 22 5 16
29 6 7 0
39 36 15 0
9 42 10 1
66 98 11 9
62 84 14 1
33 69 14 1
78 83 13 1
9 49 6 9
74 17 8 9
55 23 14 4
59 6 10 0
73 96 6 1
44 70 9 9
70 95 5 0
21 28 9 9
74 56 8 9
56 51 10 4
71 32 7 1
64 83 14 0
61 88 4 4
24 89 8 4
89 25 12 4
91 71 9 1
84 8 8094 742 0.358052933793515 500 5 0.524400512708041
38 26 1001 944 0.266023146577645 250 7 0.524400512708041
13 43 5068 435 0.121436995721888 250 1 0.524400512708041
67 42 975 798 0.378002131956164 100 1 0.524400512708041
88 7 7934 434 0.463683394254185 250 2 0.524400512708041
76 38 8573 805 0.296055056517944 100 4 0.524400512708041
88 40 5178 959 0.0428204374294728 500 1 0.524400512708041
29 2 974 902 0.0857612627814524 100 6 0.524400512708041
58 98 1014 449 0.285455688245129 100 6 0.524400512708041
8 75 994 473 0.374947105301544 250 4 0.524400512708041
74 49 7754 978 0.176694575420115 500 4 0.524400512708041
11 99 4865 611 0.109110676501878 100 2 0.524400512708041
83 31 1040 423 0.346387666454539 100 6 0.524400512708041
67 56 7947 850 0.0496010399749503 250 2 0.524400512708041
13 36 5062 491 0.284603586310986 100 5 0.524400512708041
59 65 7982 974 0.247841599264648 100 3 0.524400512708041
20 41 4633 802 0.222654647077434 100 3 0.524400512708041
97 44 4855 650 0.484578003357165 500 4 0.524400512708041
29 97 4923 860 0.378998263450339 500 6 0.524400512708041
42 23 4995 920 0.291384625155479 500 6 0.524400512708041
16 7 992 769 0.211821519816294 100 2 0.524400512708041
61 30 5124 454 0.229266739825252 500 4 0.524400512708041
20 61 964 377 0.30492668988416 500 1 0.524400512708041
59 42 1005 608 0.424139462918974 100 3 0.524400512708041
30 60 5030 949 0.402478686044924 500 2 0.524400512708041
44 53 7908 761 0.4563439139002 100 2 0.524400512708041
19 87 5006 941 0.0368181327963248 100 1 0.524400512708041
56 60 984 740 0.330494281719439 500 5 0.524400512708041
18 73 1007 679 0.116558437035419 250 1 0.524400512708041
26 92 7896 431 0.468696914988104 250 6 0.524400512708041
1000 19 65
5000 18 55
350 19 35
1000 20 60
350 10 70
1000 12 45
350 18 75
1000 12 50
5000 18 45
5000 15 45
350 16 45
1000 17 35
1000 14 35
1000 10 65
1000 19 40
350 18 70
5000 19 30
1000 17 65
1000 16 30
5000 20 45
5000 17 50
1000 14 50
1000 15 55
5000 14 70
5000 19 45
5000 16 30
350 14 70
5000 11 70
5000 10 70
1000 15 65
