100 20 20
64 64 16 4
86 54 15 4
5 95 12 0
38 5 10 9
34 42 7 9
86 32 10 9
64 79 2 25
19 38 12 4
76 79 8 4
57 24 9 9
9 53 11 1
40 49 9 4
51 81 8 4
42 73 12 16
18 25 5 4
19 2 11 1
9 7 6 16
53 40 12 9
45 94 5 1
79 97 15 1
91 65 2 16
18 41 13 9
32 90 2 16
45 94 16 1
20 10 5 9
4 47 15 4
83 92 4 9
28 5 10 16
53 45 12 0
58 63 14 4
2 46 18 25
61 81 8 1
33 24 4 16
91 100 9 1
63 12 8 4
68 38 8 4
68 99 14 25
83 20 9 9
40 28 6 9
48 68 15 4
74 43 12 16
12 15 12 9
63 44 15 16
39 38 9 4
67 53 17 9
91 78 8 1
69 56 16 9
27 43 9 16
75 22 9 0
8 36 11 1
97 44 11 4
52 74 14 25
50 87 3 1
2 19 9 25
28 49 13 25
45 71 12 4
57 83 14 4
78 70 10 1
8 18 12 0
95 18 12 16
51 57 7 0
36 84 6 9
100 52 12 1
31 51 11 9
32 4 8 9
80 55 12 16
54 88 8 1
29 28 9 9
61 33 13 25
89 64 11 4
34 93 12 1
93 7 17 16
67 35 4 25
88 32 7 4
92 92 13 16
81 71 6 9
86 21 10 0
73 47 11 4
73 23 12 1
84 12 11 0
69 17 15 4
28 32 6 9
66 60 11 9
97 83 11 0
39 45 5 1
74 4 9 0
35 37 11 1
68 57 10 25
23 82 15 4
43 12 3 25
20 29 10 16
41 4 7 0
11 32 10 25
19 67 9 4
30 77 3 25
36 32 11 0
59 13 9 1
45 66 8 1
66 73 17 9
56 91 16 25
70 92 8306 591 0.487508348075207 250 4 1.2815515655446
55 47 8610 802 0.38444772842573 100 4 1.2815515655446
81 47 5333 799 0.0588287797872908 500 2 1.2815515655446
23 68 7666 642 0.0402565093617886 250 2 1.2815515655446
72 86 4999 651 0.146562537755817 100 2 1.2815515655446
65 43 1013 787 0.240201936434023 500 4 1.2815515655446
81 93 5074 960 0.172499666539952 100 3 1.2815515655446
70 36 987 359 0.384807934791315 250 3 1.2815515655446
24 37 8098 640 0.305634263802785 100 6 1.2815515655446
43 89 8587 935 0.452939915114548 500 2 1.2815515655446
42 80 5241 431 0.392913712700829 100 3 1.2815515655446
72 4 998 998 0.0784356722095981 250 5 1.2815515655446
37 18 1009 925 0.114951383618172 100 6 1.2815515655446
67 39 971 925 0.461128587538842 250 6 1.2815515655446
62 77 1003 391 0.242781888395548 100 5 1.2815515655446
24 6 1007 489 0.422439220540691 500 6 1.2815515655446
61 31 5360 355 0.321122894040309 250 7 1.2815515655446
26 30 5080 586 0.492768219406717 250 5 1.2815515655446
50 91 975 724 0.280271748153027 500 7 1.2815515655446
74 70 997 765 0.350233778839465 500 1 1.2815515655446
1000 13 50
5000 14 55
350 15 40
1000 14 40
5000 19 50
350 11 45
5000 11 40
350 20 55
5000 10 60
1000 11 30
5000 17 50
5000 20 30
5000 11 50
5000 12 45
1000 12 65
1000 19 35
350 19 55
350 16 60
350 15 45
5000 11 35
