100 10 10
83 6 12 1
23 86 10 16
47 14 13 0
96 12 9 9
72 7 11 16
75 7 9 9
13 5 10 16
70 25 9 1
22 29 13 25
33 34 14 4
96 11 4 4
65 82 8 0
25 11 16 4
96 77 6 1
89 93 6 0
62 72 5 0
23 48 11 16
52 39 12 9
75 37 8 0
14 69 19 16
89 68 7 1
39 34 14 16
45 59 10 4
15 54 15 0
55 29 13 25
97 67 5 25
99 71 3 4
47 25 16 4
6 47 12 9
64 77 3 16
36 100 12 9
65 90 13 0
71 85 10 16
52 98 15 4
38 69 13 25
61 37 10 16
89 86 11 4
88 9 10 16
76 87 9 9
89 32 16 9
5 7 13 9
95 55 12 9
7 61 12 1
57 98 14 9
75 8 8 9
71 71 13 16
49 12 20 16
7 75 20 16
51 41 15 4
61 7 0 16
10 72 10 25
91 6 16 9
2 62 13 25
39 54 3 4
65 51 9 4
9 7 16 16
47 50 0 16
86 90 12 16
9 40 9 9
26 76 9 25
65 99 11 0
8 15 10 1
28 91 13 0
98 84 1 16
88 21 15 9
5 27 12 16
35 78 8 4
67 7 6 4
24 17 11 4
22 57 13 9
81 35 8 1
15 34 10 1
77 45 14 1
12 77 11 9
72 73 9 4
15 36 13 25
97 33 14 9
67 28 11 25
93 88 6 1
85 43 14 9
38 63 12 4
17 16 8 16
5 71 2 25
92 61 6 25
31 14 4 1
35 14 12 4
18 50 11 25
52 77 11 9
11 82 5 1
56 53 10 9
80 46 12 1
89 9 7 16
44 32 5 9
98 6 9 4
32 70 14 1
65 36 12 4
83 28 7 9
91 46 10 9
9 6 9 4
46 32 5 9
12 26 7615 669 0.224597748895176 250 3 0.841621233572914
9 13 7751 793 0.0584870215272531 500 5 0.841621233572914
86 37 983 690 0.150872069729958 250 1 0.841621233572914
95 36 5133 535 0.407738350334112 500 2 0.841621233572914
8 19 8419 756 0.101433166947681 100 4 0.841621233572914
60 38 8328 826 0.272148431614041 500 6 0.841621233572914
17 20 999 789 0.10268892491702 500 1 0.841621233572914
93 52 4903 986 0.301397000104189 250 4 0.841621233572914
96 26 8240 614 0.313877639609855 500 6 0.841621233572914
11 94 1016 793 0.422340250043198 250 5 0.841621233572914
350 15 70
5000 16 75
1000 17 25
5000 12 30
5000 17 30
5000 19 25
350 15 60
350 17 35
1000 11 70
350 12 30
