100 30 30
57 30 10 4
90 18 15 9
59 40 6 16
51 55 12 4
9 8 11 9
80 87 11 16
92 22 1 16
56 93 9 16
24 86 5 16
77 3 10 9
40 64 11 9
7 68 13 1
88 87 7 1
77 78 7 16
61 78 15 1
33 89 11 1
93 37 12 9
28 73 11 16
77 12 16 9
40 74 10 4
16 23 19 16
42 65 3 25
80 69 14 1
69 8 12 0
17 21 8 4
2 17 8 16
16 55 5 9
68 72 2 25
72 73 9 1
60 8 13 4
66 25 15 0
82 51 13 9
24 8 12 25
27 50 15 16
34 8 6 9
55 50 9 9
6 71 7 9
60 33 12 1
93 93 11 16
27 31 12 16
7 72 11 0
92 70 10 16
96 39 7 16
71 95 11 16
10 35 12 4
63 99 12 16
61 71 3 16
9 13 9 25
91 21 6 1
98 89 16 4
16 91 10 4
70 28 4 16
93 45 12 9
74 39 15 9
67 26 20 16
21 17 10 4
48 91 10 25
73 62 6 4
75 51 10 4
66 94 13 16
100 62 14 9
19 7 9 1
89 21 15 1
44 82 7 9
3 8 12 1
89 39 14 16
85 66 12 0
77 27 11 0
95 35 7 1
93 62 18 9
15 2 12 4
88 36 11 1
97 50 10 16
68 74 7 4
80 24 10 9
61 69 2 16
14 19 16 9
93 50 5 1
20 72 8 0
9 33 16 25
53 94 14 4
66 41 8 1
94 52 12 4
71 20 11 16
72 92 5 25
10 94 12 0
24 82 8 9
57 33 14 0
14 46 13 9
90 9 12 9
28 85 13 0
3 49 15 9
96 5 12 1
17 79 8 1
18 10 3 1
97 33 14 16
45 42 7 9
58 32 11 9
8 100 12 9
78 69 4 9
1 53 5222 784 0.13847246453166 250 7 0.2533471031358
31 5 997 892 0.0774491598666646 100 6 0.2533471031358
62 22 7819 673 0.307143894068431 100 4 0.2533471031358
78 75 5339 898 0.415318504474126 100 2 0.2533471031358
37 69 1020 402 0.245522376617882 100 6 0.2533471031358
89 69 1002 513 0.0785150234773755 250 1 0.2533471031358
99 83 8098 466 0.438542682758998 250 3 0.2533471031358
13 81 5259 532 0.129740443457849 500 5 0.2533471031358
65 97 8307 438 0.335072407880798 100 5 0.2533471031358
17 66 8115 839 0.392404623646289 500 1 0.2533471031358
72 50 8481 911 0.223366319164634 100 1 0.2533471031358
13 50 1022 383 0.332339005824178 250 4 0.2533471031358
99 49 5070 867 0.447528467355296 100 2 0.2533471031358
22 30 5144 391 0.0672371256467886 500 3 0.2533471031358
24 69 4960 579 0.269038205419201 100 3 0.2533471031358
89 75 8513 689 0.255220059931744 500 3 0.2533471031358
6 11 4890 715 0.251114386292174 250 7 0.2533471031358
16 21 7205 941 0.145049532875419 500 4 0.2533471031358
24 71 5128 673 0.441479675483424 250 4 0.2533471031358
30 51 4754 363 0.386014275632333 100 7 0.2533471031358
29 77 7430 368 0.461665567886084 100 3 0.2533471031358
54 15 5311 478 0.229205299469177 500 4 0.2533471031358
18 51 7788 729 0.224097998740617 500 1 0.2533471031358
77 31 1020 606 0.0541798720718361 500 1 0.2533471031358
4 73 1005 675 0.0370652923034504 100 6 0.2533471031358
27 28 5011 986 0.175488975970075 500 3 0.2533471031358
52 46 1006 499 0.489655236988328 100 3 0.2533471031358
33 82 5104 607 0.461608669438865 250 7 0.2533471031358
21 63 5050 718 0.236744516461622 250 6 0.2533471031358
78 53 1020 900 0.247956698818598 250 2 0.2533471031358
350 15 50
1000 14 45
1000 11 65
350 19 70
1000 19 60
1000 12 45
1000 19 70
5000 18 55
1000 20 60
350 18 65
350 18 50
350 15 30
5000 11 30
5000 15 65
1000 19 60
1000 19 45
5000 13 30
350 11 65
5000 10 45
1000 15 30
5000 13 70
5000 15 30
350 15 45
5000 16 35
5000 17 30
350 16 65
5000 17 35
1000 14 35
5000 15 75
350 14 70
