100 20 20
28 80 11 25
71 44 8 0
60 21 14 1
78 17 7 4
91 84 15 9
82 77 9 25
80 14 4 16
45 8 10 1
78 29 5 9
65 16 10 1
44 94 13 4
61 19 17 25
40 35 10 25
42 40 7 1
69 56 10 25
5 7 12 0
32 52 12 4
83 72 9 9
28 68 12 16
80 7 13 1
46 26 15 16
23 95 4 16
6 6 8 1
88 27 8 1
13 44 8 1
87 93 3 25
44 21 13 4
79 52 10 4
18 72 16 1
73 92 9 4
85 27 12 1
21 62 12 9
58 35 9 16
21 44 8 16
7 57 12 1
32 30 6 0
34 70 3 25
2 45 21 16
70 47 8 0
51 58 4 25
33 57 7 25
30 99 7 9
92 49 8 16
15 58 14 4
64 85 6 1
35 73 16 9
12 34 15 4
63 54 6 1
4 64 15 16
40 70 12 4
43 54 13 4
19 71 15 4
78 2 8 4
59 88 5 16
17 38 11 25
24 96 14 9
21 16 20 9
4 21 7 4
10 19 9 1
89 2 11 4
99 71 8 9
39 1 12 4
31 99 16 1
64 4 7 1
18 19 20 16
3 43 13 16
98 88 13 25
82 97 17 16
11 46 12 9
93 12 4 4
79 76 6 9
65 13 5 1
75 6 14 4
80 79 5 16
85 92 8 9
41 61 14 0
11 77 15 9
60 100 17 25
6 61 10 16
16 38 6 1
83 4 16 25
80 82 5 9
66 68 14 1
97 82 12 9
54 34 5 9
49 70 12 9
22 41 1 16
23 69 13 9
19 92 7 9
82 82 9 0
75 57 5 25
75 44 15 4
7 46 9 25
56 54 14 4
56 37 8 16
3 51 11 9
27 25 12 9
56 82 12 4
83 94 9 4
25 25 6 4
73 35 4925 712 0.28810505191097 100 3 1.2815515655446
68 90 8003 967 0.159035888977814 250 1 1.2815515655446
32 62 4691 905 0.250526544554159 100 2 1.2815515655446
36 53 7771 470 0.365180649685208 500 6 1.2815515655446
3 21 1011 493 0.263152095738333 500 4 1.2815515655446
53 54 8020 608 0.314923913318198 250 4 1.2815515655446
63 82 7938 400 0.354500595969148 100 5 1.2815515655446
73 51 5372 730 0.139555703720544 500 1 1.2815515655446
89 54 8353 740 0.468095367748756 500 7 1.2815515655446
94 80 1031 581 0.253261934523471 500 6 1.2815515655446
5 61 959 425 0.488123244072776 250 2 1.2815515655446
35 73 4871 1016 0.171300530815497 500 4 1.2815515655446
73 40 1000 683 0.0737719192751683 100 7 1.2815515655446
17 8 1032 968 0.311812868583947 500 6 1.2815515655446
34 5 1010 445 0.210495047592558 500 3 1.2815515655446
8 53 5102 734 0.216427309107967 250 5 1.2815515655446
73 38 980 678 0.111901313175913 500 7 1.2815515655446
50 61 984 659 0.443581110618543 500 4 1.2815515655446
60 2 4812 604 0.0623149761254899 100 6 1.2815515655446
96 88 5315 471 0.383252482186072 500 2 1.2815515655446
1000 12 40
1000 17 75
350 15 40
5000 19 65
1000 18 65
5000 14 65
5000 17 50
350 11 35
350 19 30
5000 19 25
5000 12 60
5000 17 30
1000 20 40
5000 15 60
350 19 65
1000 11 25
1000 12 55
5000 11 45
5000 17 30
1000 14 35
