100 20 20
100 83 11 1
86 90 12 0
10 5 11 0
14 47 10 4
44 54 6 4
45 43 8 16
90 40 14 1
56 44 7 1
76 60 10 4
57 83 5 25
47 92 7 0
32 6 15 4
73 33 7 9
80 87 6 4
34 20 5 9
10 99 12 9
98 89 9 4
52 75 7 4
36 90 3 4
97 88 4 16
96 84 13 0
78 21 10 9
36 33 8 0
16 52 15 0
85 85 12 9
27 69 9 1
41 78 13 9
76 4 7 1
6 5 10 4
61 74 15 25
42 69 12 0
35 6 14 1
97 8 2 4
48 8 23 25
82 24 14 1
72 22 9 16
39 97 7 0
11 13 12 25
51 2 10 0
27 31 12 4
66 75 11 1
57 44 8 4
17 19 8 1
38 24 8 16
17 22 13 9
88 70 9 1
83 58 13 16
64 1 7 0
23 91 5 25
84 93 7 9
3 22 12 4
60 60 11 1
54 54 13 0
49 8 17 4
96 15 17 16
46 75 13 0
72 32 8 1
44 23 12 1
54 45 8 16
67 51 6 1
12 90 1 9
80 23 9 1
21 50 25 25
54 29 15 0
94 38 15 0
89 10 9 1
54 35 15 4
84 30 9 4
49 91 4 9
2 15 15 9
84 38 11 9
74 88 12 4
4 36 11 16
22 70 12 16
50 62 10 16
62 14 7 16
9 19 17 9
65 59 6 16
92 11 17 9
13 40 4 1
89 80 5 0
79 50 8 9
75 22 12 16
97 28 6 16
67 71 7 4
8 54 6 4
40 36 11 16
88 34 8 1
28 29 7 0
68 49 4 4
7 64 11 1
9 92 9 25
24 7 1 25
20 49 13 25
25 1 14 1
31 21 7 1
15 47 3 25
98 58 14 1
86 93 0 25
80 12 17 9
16 93 7757 694 0.204125247981865 500 2 0.841621233572914
76 19 7816 959 0.453673395148944 100 6 0.841621233572914
31 45 7966 707 0.202372127957642 500 2 0.841621233572914
4 15 985 407 0.30637978172861 100 1 0.841621233572914
53 80 8061 593 0.0839438067632727 250 1 0.841621233572914
50 43 7546 737 0.45212636748096 100 4 0.841621233572914
5 36 1034 524 0.149946630166378 250 7 0.841621233572914
46 99 967 358 0.0511664902511984 100 3 0.841621233572914
36 38 1005 665 0.153410530169494 500 7 0.841621233572914
93 18 4664 458 0.121607263956685 100 5 0.841621233572914
47 37 4593 736 0.0798727869964205 100 7 0.841621233572914
95 5 993 340 0.32116008002311 500 2 0.841621233572914
29 32 7624 421 0.0637962670903653 250 2 0.841621233572914
85 4 5076 506 0.419861359247006 250 2 0.841621233572914
84 58 5028 391 0.171256790827028 500 1 0.841621233572914
48 75 8048 651 0.0816585110430606 100 2 0.841621233572914
25 59 5112 946 0.352629135062452 500 3 0.841621233572914
2 20 1001 345 0.412307636926416 100 5 0.841621233572914
1 3 7795 834 0.418435161237139 500 5 0.841621233572914
5 62 993 490 0.467410396132618 500 1 0.841621233572914
350 11 35
5000 17 40
350 16 65
1000 12 40
1000 12 70
1000 13 55
1000 16 50
1000 14 40
1000 12 45
5000 16 60
5000 20 30
350 14 50
350 11 70
1000 20 70
350 18 30
350 20 65
5000 19 60
1000 20 45
5000 14 65
350 13 30
