100 10 10
68 5 12 4
47 17 9 1
85 46 10 1
95 90 14 1
7 69 13 4
38 57 14 0
86 74 6 25
14 48 18 9
7 91 13 9
73 9 9 1
36 94 10 0
28 65 8 1
65 25 3 9
47 79 3 25
53 34 14 9
49 95 14 9
95 69 5 4
97 3 14 25
56 23 14 1
8 66 10 4
53 7 9 4
12 58 7 25
55 62 9 4
29 100 16 9
42 88 11 1
56 89 3 9
75 84 17 25
41 22 8 9
23 74 5 4
15 10 7 4
52 67 10 9
20 38 14 25
43 49 4 4
81 19 2 25
82 57 6 0
97 65 14 1
31 66 7 4
19 69 13 16
12 94 5 1
47 57 13 4
95 50 12 0
37 15 5 9
39 84 10 16
37 65 21 16
23 80 8 9
41 38 15 9
13 19 11 4
28 23 7 1
48 8 8 9
48 27 6 25
27 87 9 1
57 20 11 16
78 23 12 9
69 75 12 4
24 19 13 16
87 30 9 4
28 98 10 9
42 64 10 25
97 74 11 1
6 51 13 16
13 54 10 4
81 68 18 25
79 43 13 1
53 79 7 9
67 93 8 16
78 8 23 25
99 58 11 1
53 26 8 9
56 10 5 9
66 96 5 1
67 65 13 16
78 7 9 0
72 32 8 9
68 61 12 4
12 43 8 1
76 75 7 16
47 57 14 4
36 21 7 9
70 17 11 9
70 93 9 16
57 80 5 9
50 14 8 16
45 46 7 0
28 100 15 1
74 39 16 25
81 38 9 16
56 30 6 16
44 37 12 9
70 87 12 0
14 40 6 1
29 72 15 4
29 30 8 1
29 20 9 9
2 16 6 4
100 81 9 4
9 92 8 1
71 29 1 16
86 39 5 4
24 8 6 1
7 67 22 16
74 56 5226 505 0.0796777961356565 500 2 0.841621233572914
5 86 8321 337 0.339429244648199 100 7 0.841621233572914
43 26 4840 355 0.378103225950617 500 5 0.841621233572914
51 33 4991 426 0.419942209711298 250 1 0.841621233572914
51 85 4568 372 0.423904049999546 250 1 0.841621233572914
81 15 986 794 0.122511625802144 100 3 0.841621233572914
58 33 8709 892 0.3800931703276 500 6 0.841621233572914
98 19 4840 792 0.408037157270592 100 3 0.841621233572914
8 12 4832 845 0.297610208299011 250 4 0.841621233572914
7 41 8219 708 0.359781878453214 100 5 0.841621233572914
5000 20 60
350 11 55
1000 18 60
5000 14 55
5000 11 60
5000 11 30
350 20 60
350 15 55
1000 13 60
1000 12 65
