100 20 20
25 78 5 1
18 89 20 25
64 12 19 9
41 81 2 25
2 88 16 9
97 67 9 1
14 29 15 4
93 90 3 16
71 50 10 1
61 55 5 16
86 39 13 9
16 45 21 16
11 1 16 9
37 27 10 1
20 1 4 16
85 86 5 9
40 29 6 25
33 82 10 9
27 71 9 9
22 72 12 4
18 86 6 0
42 47 10 25
20 15 12 16
9 62 11 16
100 4 9 16
95 33 8 1
52 17 13 4
28 27 12 16
38 49 4 1
46 23 13 16
70 63 7 9
8 45 14 4
28 26 5 4
96 64 8 9
70 19 8 1
100 1 13 25
32 55 12 4
66 50 14 1
61 13 3 16
82 36 13 4
96 83 14 1
79 58 6 25
3 26 11 0
60 38 20 16
28 25 8 9
68 49 8 1
42 44 1 4
83 91 9 16
57 78 11 4
52 77 3 16
90 75 23 16
57 17 10 0
44 96 7 9
23 90 9 16
46 87 13 16
50 31 7 16
78 46 9 25
9 49 10 1
85 12 8 4
49 65 18 16
41 26 9 4
95 12 13 9
5 33 10 16
50 2 6 4
22 84 13 4
80 52 1 25
44 66 6 4
14 83 4 16
76 22 7 25
24 47 5 25
26 80 13 1
70 38 4 25
56 84 10 16
91 94 13 4
67 91 5 1
6 23 6 9
29 43 9 9
76 64 4 25
55 86 2 25
13 6 5 16
95 1 14 16
11 3 13 4
55 40 8 9
95 21 9 1
54 10 5 25
90 48 14 4
23 94 9 1
22 4 18 16
15 78 7 9
19 85 8 0
10 45 5 0
92 49 17 9
13 45 12 0
94 99 8 16
92 17 10 1
87 7 8 1
73 58 8 1
53 39 9 4
57 60 14 4
50 22 4 4
58 5 8450 938 0.0785394663992338 250 7 0.2533471031358
76 42 8112 421 0.277525374873076 100 2 0.2533471031358
63 11 7339 427 0.178001444609836 500 3 0.2533471031358
80 12 4925 485 0.488707183850929 250 7 0.2533471031358
12 20 1019 416 0.486074763075449 100 3 0.2533471031358
38 39 8092 512 0.31635782266967 250 1 0.2533471031358
12 62 1014 525 0.466540522153955 500 7 0.2533471031358
86 29 7825 546 0.137182811917737 500 7 0.2533471031358
50 5 5146 464 0.0784296923852526 500 2 0.2533471031358
44 70 4846 456 0.458340357020497 250 5 0.2533471031358
6 31 8232 463 0.176405650486704 250 7 0.2533471031358
66 28 4666 808 0.420555921671912 100 6 0.2533471031358
2 56 4941 832 0.376950280142482 500 4 0.2533471031358
37 57 1001 468 0.286372040270362 100 6 0.2533471031358
74 51 5453 358 0.169812033530325 100 5 0.2533471031358
78 32 1013 926 0.0462877608533017 100 6 0.2533471031358
82 57 4582 668 0.226515369953122 100 6 0.2533471031358
25 54 5058 935 0.0667970489850268 100 3 0.2533471031358
2 18 5113 780 0.439686598698609 250 5 0.2533471031358
1 27 5173 802 0.157756824521348 100 7 0.2533471031358
1000 12 55
5000 18 75
1000 15 45
1000 14 40
5000 17 40
1000 19 50
1000 19 40
350 18 70
5000 19 70
5000 18 25
1000 12 55
5000 19 70
350 11 35
5000 20 75
350 14 40
5000 11 65
350 12 60
350 13 65
350 19 50
350 16 75
