100 10 10
48 75 14 1
33 41 9 4
12 21 15 25
63 73 6 9
75 81 14 9
81 27 13 9
59 21 10 16
1 38 13 1
16 17 2 25
8 39 12 16
41 50 13 4
37 6 12 4
75 68 14 1
30 35 13 25
28 27 9 1
13 80 6 9
83 78 13 16
95 56 8 0
93 96 8 1
40 27 9 16
49 31 6 25
89 49 4 4
53 69 1 16
37 23 6 16
68 89 7 1
98 44 9 1
71 49 11 9
66 90 9 9
20 33 12 4
16 94 14 25
56 8 13 1
87 63 11 4
98 100 14 16
32 93 9 16
62 88 11 16
95 61 5 4
20 6 7 1
81 77 5 4
65 7 12 4
91 63 11 1
49 22 4 25
99 25 9 1
88 61 8 9
67 49 9 0
92 93 1 9
26 59 9 9
30 52 7 16
70 16 10 0
77 99 10 0
53 41 15 1
33 82 6 16
74 37 9 0
75 63 14 9
42 24 11 1
17 38 9 0
6 20 11 25
45 8 14 1
52 82 6 1
22 5 4 25
13 78 16 4
49 92 14 1
4 2 12 4
37 70 10 1
63 12 9 16
92 100 8 25
81 47 10 0
73 66 4 9
82 82 13 16
59 32 3 4
93 41 6 9
34 76 17 4
43 21 7 1
90 10 12 1
69 83 14 0
72 22 11 4
24 30 14 25
68 19 9 9
77 49 7 1
76 38 15 9
67 58 10 1
54 69 9 9
18 22 5 16
35 50 6 1
26 9 8 1
83 17 11 16
63 24 3 16
85 57 6 25
39 8 14 0
71 49 7 0
89 91 8 4
75 5 4 25
77 94 8 4
34 51 6 1
85 73 7 25
19 75 13 25
96 32 11 0
37 96 6 16
41 77 16 16
42 49 14 16
67 32 11 0
49 79 990 946 0.123716404852457 500 3 0.2533471031358
76 77 4834 602 0.182180280571338 500 3 0.2533471031358
53 86 8504 551 0.320230886230711 250 5 0.2533471031358
15 54 8192 700 0.458860576131847 500 4 0.2533471031358
77 48 5146 649 0.069804520579055 250 4 0.2533471031358
39 38 1029 738 0.0814309728448279 500 7 0.2533471031358
17 85 976 490 0.398601096004713 500 5 0.2533471031358
9 96 8461 839 0.0565071433247067 100 7 0.2533471031358
67 90 1031 908 0.472715752210934 500 1 0.2533471031358
54 7 1007 464 0.386145164680202 500 7 0.2533471031358
350 20 45
1000 17 40
1000 18 55
1000 14 45
350 17 70
5000 20 40
5000 17 65
5000 13 60
1000 19 75
5000 11 35
