100 30 30
30 6 9 16
87 9 3 9
74 19 7 1
29 14 9 9
97 85 7 4
63 88 17 4
92 99 10 0
6 64 8 1
48 15 8 1
91 44 10 0
6 29 12 1
90 33 10 1
89 15 7 16
79 12 13 9
7 75 3 25
55 32 18 16
87 48 12 1
80 57 7 25
77 39 3 16
11 64 6 9
72 49 6 0
94 15 14 25
78 59 9 0
70 64 9 25
93 62 9 1
58 22 7 1
51 7 11 4
67 80 6 16
84 19 10 4
36 87 6 1
58 28 16 16
93 28 6 16
26 56 12 9
31 94 7 16
9 82 7 4
27 36 12 1
64 63 10 1
58 16 3 4
10 23 11 1
24 81 16 1
35 36 11 1
4 43 11 4
39 91 13 0
75 81 8 16
60 28 8 0
53 13 10 9
41 87 6 25
97 30 5 16
83 69 13 1
3 56 16 16
75 18 13 0
87 53 12 0
70 12 11 0
39 24 15 0
90 32 15 9
80 41 8 1
22 98 8 9
20 28 8 16
62 59 13 1
13 99 9 1
60 59 16 25
18 31 15 4
32 62 7 1
94 90 7 0
54 10 3 25
69 35 6 9
73 52 11 4
30 51 14 4
13 66 8 1
63 89 10 16
88 73 9 9
32 90 17 16
21 20 13 4
95 93 11 0
77 8 7 1
22 21 10 1
95 86 11 16
38 44 20 25
46 94 8 4
48 33 5 9
90 94 5 4
73 31 8 16
12 56 6 0
86 33 13 25
4 79 16 4
8 2 1 16
76 58 5 9
75 88 2 16
79 5 11 4
13 10 14 0
23 45 10 4
51 53 13 4
60 12 11 1
64 12 12 4
10 27 11 9
39 51 6 1
69 16 9 1
4 7 6 9
42 77 8 1
77 63 9 9
16 28 7543 484 0.438757286283653 100 4 0.524400512708041
67 85 5101 749 0.370402701541316 500 4 0.524400512708041
7 49 4986 447 0.22628885427257 500 4 0.524400512708041
32 99 5086 389 0.0403610151773319 500 7 0.524400512708041
64 74 5116 643 0.0502603798173368 500 2 0.524400512708041
7 54 8350 949 0.462737155035138 500 2 0.524400512708041
87 53 8048 940 0.110698375839274 100 7 0.524400512708041
32 48 1004 439 0.363808186708484 100 2 0.524400512708041
12 10 7589 371 0.399123715471942 500 5 0.524400512708041
67 69 7685 520 0.196808094712906 100 2 0.524400512708041
90 84 1017 794 0.481189913016278 250 7 0.524400512708041
83 51 977 767 0.345485784849152 250 2 0.524400512708041
33 20 4721 825 0.495231898282655 250 1 0.524400512708041
56 21 5168 472 0.283045043172315 100 7 0.524400512708041
56 59 1016 610 0.420018271720037 250 6 0.524400512708041
26 47 5274 729 0.487152127274312 250 7 0.524400512708041
83 80 4722 769 0.0626687292708084 250 3 0.524400512708041
77 65 1019 707 0.372882190155797 500 3 0.524400512708041
94 17 990 833 0.188237852372695 500 2 0.524400512708041
46 45 999 554 0.478389521606732 500 6 0.524400512708041
63 87 5126 621 0.189530406862032 500 6 0.524400512708041
12 67 4735 538 0.41816829046933 100 2 0.524400512708041
3 79 7897 685 0.157678345961031 100 5 0.524400512708041
57 45 5315 690 0.0947994659631513 100 2 0.524400512708041
19 23 980 951 0.217626369982027 500 6 0.524400512708041
90 90 8130 568 0.249342847270891 250 5 0.524400512708041
42 33 8603 885 0.438640694099013 250 1 0.524400512708041
49 18 5224 389 0.120066545279697 500 2 0.524400512708041
22 78 8080 536 0.342543791483622 500 1 0.524400512708041
47 23 998 550 0.406173709733412 500 1 0.524400512708041
350 16 60
1000 12 30
350 12 70
1000 19 35
1000 17 25
1000 14 70
350 12 55
5000 15 45
1000 10 70
350 19 75
5000 19 70
350 19 30
350 12 30
350 10 40
5000 17 50
5000 13 40
350 11 65
1000 12 45
350 18 75
1000 15 30
1000 13 55
1000 12 40
5000 18 65
350 19 70
1000 16 40
1000 17 60
5000 10 50
350 11 25
350 16 70
1000 17 40
