100 30 30
51 42 7 25
59 80 7 4
34 81 8 4
74 65 7 16
97 78 13 0
64 38 6 16
55 90 4 9
58 38 11 4
18 40 13 0
35 76 11 4
67 29 13 1
16 46 13 9
63 2 17 4
29 15 10 0
91 30 12 9
65 37 8 1
5 50 10 9
80 41 15 4
4 2 5 4
45 38 7 16
57 78 13 1
32 15 17 4
7 23 13 4
38 41 3 9
67 2 12 4
95 95 13 9
34 97 1 16
70 26 13 1
18 10 14 9
56 31 10 1
3 68 15 4
90 96 1 16
99 53 11 1
69 18 14 16
61 75 10 1
41 10 22 16
49 27 12 25
73 52 11 1
9 43 8 1
27 10 7 4
99 69 13 4
34 48 2 16
17 25 13 9
29 83 6 9
11 75 10 9
15 3 9 16
80 49 15 0
36 63 8 1
67 48 12 4
70 52 9 1
67 11 13 1
42 84 6 1
55 15 8 1
60 32 9 9
97 27 6 1
20 63 10 0
5 14 10 4
52 56 7 25
40 41 8 4
41 84 10 16
6 76 10 9
28 95 12 1
88 73 7 0
35 66 13 25
41 8 10 0
54 49 12 0
52 41 9 9
59 83 13 1
65 96 7 1
60 13 9 9
29 10 9 4
56 83 12 9
85 59 14 16
44 54 6 9
99 51 13 16
78 94 10 4
8 77 8 4
14 50 9 9
13 17 7 4
84 43 13 4
3 96 9 4
29 81 0 25
44 72 10 25
57 7 1 9
11 94 13 1
58 57 9 9
28 21 20 16
32 66 5 9
12 31 7 1
17 59 12 4
35 83 11 25
60 97 12 0
16 86 7 25
44 23 12 9
60 2 3 9
99 53 6 16
97 18 9 4
68 65 9 16
3 73 7 16
24 73 4 9
47 98 7749 620 0.151888783550821 100 3 0.841621233572914
91 95 4788 682 0.155578297746833 100 2 0.841621233572914
96 51 7906 807 0.314737348488998 250 1 0.841621233572914
31 68 1014 728 0.27795959897805 250 3 0.841621233572914
43 18 7895 630 0.128040238833055 500 3 0.841621233572914
29 49 7890 445 0.264238534015603 100 3 0.841621233572914
3 96 1012 574 0.104186319441069 100 2 0.841621233572914
48 75 8457 750 0.0483569982810877 500 7 0.841621233572914
42 58 4864 718 0.37348114236258 250 6 0.841621233572914
92 79 8525 576 0.205875050732866 250 7 0.841621233572914
69 88 5115 951 0.0583339159190655 100 4 0.841621233572914
55 24 5204 943 0.161152084632777 250 1 0.841621233572914
58 69 7880 781 0.36749106843723 500 3 0.841621233572914
72 46 7802 780 0.385604792756494 500 2 0.841621233572914
9 6 7968 847 0.214441926665604 100 3 0.841621233572914
98 73 8073 358 0.214275093232282 250 4 0.841621233572914
84 19 4706 798 0.182540276173968 500 1 0.841621233572914
56 84 1014 867 0.400975258294493 100 3 0.841621233572914
11 45 4739 674 0.115730602825061 250 6 0.841621233572914
20 89 5222 592 0.378755087209865 500 5 0.841621233572914
90 94 1022 474 0.228028030674905 100 4 0.841621233572914
92 70 1022 333 0.333732233876362 250 3 0.841621233572914
45 14 7850 850 0.222564797056839 250 3 0.841621233572914
80 26 8523 841 0.232137458981015 100 4 0.841621233572914
95 49 7776 966 0.237367767908145 100 7 0.841621233572914
54 63 4860 589 0.329872685626615 250 5 0.841621233572914
40 52 8078 350 0.139943391999695 500 7 0.841621233572914
56 54 990 825 0.25709200222278 250 1 0.841621233572914
38 73 4764 596 0.398951524873264 250 6 0.841621233572914
63 71 8437 958 0.488404406888876 250 2 0.841621233572914
5000 16 55
5000 12 70
350 20 70
5000 18 30
350 20 30
350 11 45
1000 14 40
1000 13 45
1000 17 70
5000 20 60
5000 14 55
5000 20 55
5000 17 55
350 14 35
5000 10 60
350 20 65
350 15 30
1000 17 50
1000 11 35
350 10 40
1000 15 75
5000 19 30
350 14 60
350 18 50
1000 12 45
1000 13 75
350 18 35
350 19 40
1000 11 45
5000 12 35
