100 30 30
60 8 1 25
15 32 15 25
26 76 6 1
87 44 8 0
71 51 7 16
42 10 14 16
6 25 14 25
75 34 9 25
13 39 16 16
37 80 14 16
77 54 11 9
84 25 4 9
20 81 3 4
76 53 12 16
97 21 13 16
59 47 12 16
23 98 12 1
49 77 14 9
81 98 13 0
27 41 9 1
16 88 6 0
55 91 7 1
15 90 7 1
28 4 13 4
46 83 10 1
34 76 11 1
46 55 6 0
55 49 14 1
86 78 11 1
41 77 15 16
32 3 5 16
74 89 15 4
84 86 12 0
52 99 14 4
21 34 6 4
85 88 11 0
38 64 10 9
72 60 6 1
100 50 9 0
10 64 7 9
17 56 8 4
84 90 9 9
46 24 0 25
78 31 7 4
32 47 13 1
69 46 10 16
27 32 5 16
79 31 15 25
72 26 8 9
89 54 26 25
9 46 5 4
25 8 11 25
31 3 8 4
67 50 12 4
47 92 12 1
50 87 15 9
35 35 10 4
55 15 11 9
73 85 6 25
83 61 6 9
52 87 15 0
45 92 9 9
53 2 13 4
83 66 11 4
45 62 13 4
92 36 9 4
12 10 0 4
94 5 13 25
99 34 19 16
10 95 10 4
98 19 13 9
42 38 13 16
17 34 15 1
66 65 10 4
10 53 10 0
5 83 10 16
52 56 7 1
39 32 11 9
1 25 20 16
30 67 10 9
52 62 9 4
93 32 5 0
60 27 12 9
58 3 9 0
50 85 10 9
40 97 12 1
58 62 12 1
48 62 2 16
16 77 11 4
35 92 12 0
29 6 14 9
50 23 10 16
58 4 5 16
95 22 7 4
12 93 20 25
12 100 10 4
17 82 16 9
67 94 7 9
73 63 12 9
58 4 4 1
70 38 995 867 0.0432077891007066 100 6 1.2815515655446
97 9 7689 953 0.319196644723415 250 4 1.2815515655446
28 6 1009 809 0.453900738670491 250 4 1.2815515655446
94 19 977 481 0.208444508756511 250 7 1.2815515655446
39 19 8213 744 0.0745537854940631 500 1 1.2815515655446
5 87 8144 652 0.355499011932407 500 6 1.2815515655446
92 33 8188 882 0.202999833768699 100 7 1.2815515655446
28 83 966 423 0.392549042669125 500 5 1.2815515655446
17 92 986 956 0.487802883833647 100 1 1.2815515655446
72 26 4960 420 0.0424238566169515 100 2 1.2815515655446
69 13 8103 982 0.129890153331216 100 6 1.2815515655446
8 59 7846 569 0.498417569736485 100 1 1.2815515655446
3 18 994 772 0.0495956215285696 100 7 1.2815515655446
45 5 8343 875 0.0822960802540183 250 3 1.2815515655446
75 28 970 561 0.303448810740374 500 1 1.2815515655446
13 77 5318 376 0.225065357699059 250 6 1.2815515655446
40 73 1023 455 0.212598411876243 100 1 1.2815515655446
66 55 7824 520 0.0384546331688762 250 3 1.2815515655446
98 63 1015 625 0.314854511353187 250 5 1.2815515655446
39 8 7462 897 0.159168272188399 250 5 1.2815515655446
31 35 8019 964 0.49961573218694 500 4 1.2815515655446
32 5 990 453 0.293734313554596 250 4 1.2815515655446
28 73 4883 975 0.178857835230883 250 4 1.2815515655446
37 62 4861 732 0.260679762340151 500 2 1.2815515655446
78 31 8411 716 0.333092022687197 500 2 1.2815515655446
27 43 991 520 0.336413722368889 250 4 1.2815515655446
59 70 995 894 0.108054153104313 100 3 1.2815515655446
83 20 4835 640 0.228941646392923 100 7 1.2815515655446
86 54 7839 382 0.257666872628033 250 2 1.2815515655446
30 55 5002 423 0.292984636507463 250 4 1.2815515655446
350 16 40
1000 18 30
1000 15 55
1000 10 35
350 13 65
1000 13 50
350 10 40
350 12 65
1000 12 30
5000 14 60
1000 17 50
1000 12 75
350 11 50
5000 18 45
350 11 50
1000 18 60
1000 12 65
350 19 25
350 17 60
350 15 40
1000 17 70
1000 18 35
1000 17 45
1000 11 30
1000 19 40
5000 11 75
1000 12 60
1000 11 45
5000 19 75
5000 10 55
