100 10 10
18 31 6 4
61 71 11 1
70 91 7 16
84 64 5 4
37 25 5 1
94 68 10 4
95 89 12 25
41 73 12 0
9 76 6 25
35 62 9 1
17 4 17 25
38 98 12 9
65 45 8 9
86 66 8 16
60 77 11 4
74 8 9 1
97 97 6 1
78 72 8 4
50 18 15 9
63 64 8 1
21 2 14 1
99 61 12 4
7 35 16 1
1 75 15 4
47 30 8 1
85 33 6 9
76 18 11 4
33 75 7 4
41 37 8 25
96 57 4 16
3 47 8 1
63 40 5 25
82 9 11 16
24 73 11 16
74 96 14 9
49 47 9 1
61 16 5 1
25 99 6 9
90 63 9 16
59 99 9 16
59 74 12 4
30 24 6 4
36 88 10 4
35 24 18 9
86 11 8 4
97 4 13 1
73 87 6 9
48 20 6 1
76 77 16 4
15 60 13 9
88 12 17 9
34 14 16 4
82 17 12 4
18 67 9 1
88 83 5 9
33 82 12 1
18 14 16 16
63 45 9 1
60 36 13 4
1 98 15 25
20 14 10 9
89 96 12 4
58 74 9 25
18 37 10 0
17 91 12 1
26 6 12 9
4 2 8 4
12 61 11 1
46 24 12 4
20 88 4 9
49 73 12 9
59 66 9 1
72 4 8 16
44 59 11 1
22 45 10 0
7 90 11 1
64 62 7 4
40 12 9 0
58 61 14 0
36 90 8 1
93 97 2 9
28 88 16 4
24 55 19 16
47 68 16 9
38 5 10 4
14 56 17 9
57 63 2 16
7 34 10 1
65 61 7 16
77 34 7 1
37 63 8 4
27 68 16 25
83 60 6 4
99 30 13 4
17 90 9 4
62 32 13 1
41 97 11 1
42 12 18 16
1 60 4 4
56 27 11 4
40 15 992 516 0.483846759314183 100 2 1.2815515655446
67 13 985 971 0.426028698168229 500 2 1.2815515655446
47 13 5207 495 0.114391455496661 250 2 1.2815515655446
45 79 7679 746 0.280977887876797 500 6 1.2815515655446
62 100 1005 570 0.227631979724392 100 7 1.2815515655446
49 25 7883 558 0.156426013272721 500 7 1.2815515655446
32 70 5087 793 0.444616620533634 100 6 1.2815515655446
64 76 7706 1003 0.184464629171416 500 5 1.2815515655446
99 19 1004 404 0.374813798607793 250 3 1.2815515655446
81 30 7920 882 0.374189000909682 500 4 1.2815515655446
5000 17 45
5000 18 40
5000 11 30
350 20 75
350 19 40
350 16 65
5000 15 30
350 10 30
5000 12 70
350 13 55
