100 20 20
89 30 12 9
62 4 11 1
57 66 8 1
67 83 11 1
43 27 12 25
9 81 11 1
62 89 12 1
4 11 13 16
7 76 12 9
78 56 12 9
24 97 11 4
21 67 11 9
40 3 14 1
68 52 13 1
43 68 3 9
19 2 13 16
66 25 10 1
94 65 14 25
43 57 14 1
62 49 2 16
10 1 17 16
77 58 12 0
51 70 11 9
14 10 6 16
64 78 7 9
42 34 5 16
69 91 8 9
89 35 2 25
15 24 9 1
45 86 12 16
9 34 7 4
98 27 9 9
53 2 6 1
87 60 15 16
95 25 11 1
23 43 7 9
97 93 14 25
72 77 14 9
4 51 15 16
39 59 10 4
13 98 8 1
99 58 7 9
96 36 14 9
85 97 5 4
77 29 10 4
19 83 17 16
48 35 4 25
67 47 13 1
53 22 10 25
14 21 10 25
98 52 13 1
12 10 13 16
57 90 9 9
86 41 2 25
95 87 14 4
16 13 13 0
71 69 13 0
83 75 12 0
13 2 16 9
87 31 2 16
71 33 10 9
48 82 16 4
81 45 14 9
90 69 9 9
51 93 13 4
47 71 10 9
74 15 10 9
77 30 4 9
11 34 12 16
10 68 11 1
83 66 11 9
68 27 11 16
52 90 10 4
36 32 9 16
31 65 12 9
22 74 10 1
70 57 15 1
60 88 10 9
90 72 5 9
22 15 11 9
25 63 13 9
34 58 15 0
2 4 8 1
56 65 6 4
43 4 7 4
78 32 10 25
39 5 14 1
73 52 9 0
32 10 17 4
4 66 10 1
97 28 15 4
74 4 8 4
40 65 13 9
77 85 11 4
57 60 4 4
24 98 11 4
96 29 9 9
74 47 17 9
76 4 3 9
79 76 3 4
37 12 972 762 0.0900919652706943 100 1 0.841621233572914
43 65 1019 502 0.467388469781727 500 2 0.841621233572914
100 21 990 635 0.242354803311173 500 4 0.841621233572914
28 72 5009 434 0.436595138395205 250 1 0.841621233572914
82 88 4945 517 0.0312522859615274 100 3 0.841621233572914
86 1 4728 789 0.25173051305348 250 6 0.841621233572914
32 37 1003 481 0.0840798895969056 100 3 0.841621233572914
92 4 8263 781 0.283833982315846 250 6 0.841621233572914
72 49 1022 732 0.423293959966395 500 1 0.841621233572914
26 89 7374 864 0.0612277634092607 500 7 0.841621233572914
30 31 1022 893 0.0523419212712906 250 2 0.841621233572914
69 71 5471 509 0.467408236085903 250 6 0.841621233572914
70 4 4966 586 0.0646409904607572 500 2 0.841621233572914
40 93 993 831 0.450133681981824 100 3 0.841621233572914
18 68 5052 572 0.249600636628456 500 4 0.841621233572914
66 68 8335 396 0.372037108072545 500 6 0.841621233572914
70 89 987 768 0.367730910223909 100 2 0.841621233572914
6 73 5214 624 0.21690310647944 500 4 0.841621233572914
19 7 8277 759 0.308643476762809 250 1 0.841621233572914
62 81 7622 782 0.032340401916299 100 5 0.841621233572914
5000 16 60
5000 10 55
1000 16 75
5000 16 35
350 17 40
5000 17 30
1000 10 30
1000 17 60
1000 15 55
1000 11 45
5000 10 70
350 17 70
1000 18 65
5000 18 65
350 19 45
5000 11 45
5000 15 30
5000 18 65
1000 15 70
5000 14 35
