100 20 20
7 32 11 1
40 23 15 9
86 29 11 16
3 64 11 4
38 90 9 1
9 16 12 1
7 19 16 4
37 83 12 4
56 72 11 9
36 73 12 25
41 66 15 4
87 47 15 9
100 77 17 9
94 88 16 9
72 13 5 9
82 14 6 1
96 50 16 4
24 58 5 0
43 93 12 1
38 32 12 16
94 78 16 4
100 15 9 1
3 99 11 1
99 48 11 1
20 96 8 16
70 39 11 9
35 72 5 16
94 60 12 4
2 18 14 1
12 74 15 1
64 47 10 1
60 78 8 4
86 58 10 25
70 48 11 0
28 16 23 25
15 74 9 4
84 24 12 4
86 72 9 1
43 13 14 1
27 80 3 9
91 97 10 4
81 56 6 1
5 90 17 16
62 55 8 4
85 56 7 4
55 58 9 4
5 41 10 4
37 67 11 1
22 36 11 4
47 52 9 0
90 24 15 25
62 42 9 9
89 75 12 9
25 52 8 25
29 69 13 4
28 94 13 1
23 24 4 1
78 7 8 16
43 37 14 0
97 94 9 1
78 3 2 25
72 91 9 16
67 88 8 4
99 93 10 16
55 75 5 9
27 69 15 1
5 58 11 16
52 25 15 4
79 7 11 4
48 3 9 25
6 87 6 9
12 2 8 16
45 1 10 0
4 35 9 1
79 21 9 4
46 52 11 25
11 19 13 4
22 71 10 4
84 71 4 1
59 47 15 0
42 50 8 4
4 86 14 0
64 8 13 1
14 45 8 1
94 47 8 25
74 39 5 25
94 19 10 4
24 54 1 16
78 49 8 9
16 2 5 16
9 65 7 16
11 27 10 1
56 10 9 1
72 97 9 1
4 97 9 0
33 9 17 16
95 41 10 9
6 31 11 1
58 80 15 1
68 11 12 0
71 77 8214 581 0.132308415088337 100 6 0.841621233572914
4 68 8037 566 0.0509243428753689 500 4 0.841621233572914
2 93 998 768 0.173120253137313 100 6 0.841621233572914
3 63 5196 574 0.459595403363928 500 2 0.841621233572914
46 70 7953 466 0.103908777895849 500 6 0.841621233572914
81 53 4805 427 0.470577726613264 500 3 0.841621233572914
94 23 4797 888 0.072344471460674 250 6 0.841621233572914
17 30 4927 903 0.38828247241443 500 6 0.841621233572914
63 28 987 714 0.0608137689367868 100 7 0.841621233572914
73 63 4876 446 0.331725829087663 100 2 0.841621233572914
5 1 7776 985 0.457459114864469 100 7 0.841621233572914
26 82 5199 559 0.279615590765607 100 7 0.841621233572914
4 44 1014 477 0.15447202061303 250 7 0.841621233572914
89 64 1007 609 0.250450485609472 100 2 0.841621233572914
41 41 5048 453 0.36696828559041 250 7 0.841621233572914
63 84 4878 785 0.364028063137084 500 7 0.841621233572914
22 23 1036 716 0.0926593761797994 500 3 0.841621233572914
52 35 974 353 0.437462833067402 100 3 0.841621233572914
8 81 1010 623 0.100028800631408 100 1 0.841621233572914
89 37 5252 420 0.139809556209948 500 3 0.841621233572914
350 13 35
350 19 60
350 11 45
350 19 30
1000 10 65
5000 11 45
5000 15 75
350 14 70
350 12 45
350 18 60
5000 19 30
5000 11 45
5000 13 45
5000 19 55
350 17 35
1000 17 45
1000 13 70
350 17 70
350 16 60
5000 17 45
