100 20 20
50 21 4 25
56 8 9 0
97 35 4 9
33 1 12 4
4 92 8 25
55 37 3 9
70 31 11 4
57 2 8 1
56 98 13 9
27 96 10 9
22 46 13 25
38 35 4 9
93 80 11 1
91 39 25 25
92 95 8 1
39 85 12 1
97 14 8 16
64 82 9 4
21 98 14 25
35 71 14 1
47 67 14 1
86 49 13 4
40 73 14 4
69 91 7 4
22 65 10 0
68 63 13 1
42 73 15 9
18 68 10 1
20 44 8 16
13 51 12 16
35 33 14 1
82 48 4 16
10 40 22 16
65 75 12 0
78 49 9 9
51 47 1 9
24 11 12 4
70 67 11 16
93 99 4 25
10 92 11 9
36 3 10 1
68 88 11 9
85 7 13 25
55 45 10 1
92 44 14 1
99 55 14 25
35 28 9 16
65 36 9 9
50 69 8 4
79 79 3 1
98 66 8 4
42 24 12 9
60 98 13 25
4 71 8 4
57 96 14 0
74 52 15 0
94 92 13 9
31 70 12 25
24 88 2 16
78 21 15 9
15 81 9 9
29 78 17 4
97 71 15 16
28 92 7 16
26 91 8 4
59 71 7 4
85 66 10 1
52 52 13 1
19 60 9 16
47 31 10 9
23 98 11 16
52 96 9 16
68 99 5 1
88 51 14 1
2 79 16 9
29 97 17 16
68 55 11 0
51 66 15 16
86 34 8 16
73 41 9 9
23 31 12 1
1 69 13 9
53 39 7 16
7 74 11 1
34 69 7 4
37 13 8 9
88 32 7 4
6 45 6 0
22 8 7 1
77 13 6 4
89 62 17 16
77 76 6 16
47 48 12 0
60 89 13 0
33 52 5 16
77 62 7 4
83 23 7 25
78 59 8 1
58 41 7 9
38 77 12 9
80 21 8114 907 0.412772493227385 100 6 1.2815515655446
23 12 8018 690 0.367325800624676 500 6 1.2815515655446
39 27 4788 875 0.42971104828408 100 5 1.2815515655446
22 72 1017 456 0.404231133728754 100 6 1.2815515655446
70 50 5217 597 0.206913244538009 100 4 1.2815515655446
84 7 4892 885 0.0347023895266466 100 5 1.2815515655446
26 96 8032 795 0.343928336123936 100 2 1.2815515655446
33 3 4895 835 0.377953887484036 250 1 1.2815515655446
50 50 4964 935 0.201317891327199 100 2 1.2815515655446
45 62 8495 930 0.15311422853265 500 4 1.2815515655446
74 82 4829 477 0.432803781591356 100 1 1.2815515655446
79 24 8169 779 0.379624220016412 250 4 1.2815515655446
35 80 4898 768 0.292644353478681 250 4 1.2815515655446
16 52 8315 841 0.319849373765755 250 5 1.2815515655446
4 98 8182 347 0.239523635257501 500 3 1.2815515655446
73 26 4957 612 0.337236158596352 500 3 1.2815515655446
76 7 8706 585 0.374532605370041 500 6 1.2815515655446
84 76 988 427 0.289279653558042 250 5 1.2815515655446
47 100 5315 468 0.375334168514237 500 7 1.2815515655446
54 96 7788 390 0.33319378278451 100 3 1.2815515655446
5000 11 30
1000 12 55
5000 13 50
5000 11 65
350 12 70
5000 10 30
1000 13 45
1000 13 30
5000 12 60
1000 18 70
1000 19 45
5000 18 70
5000 15 65
350 11 65
5000 18 40
5000 13 40
5000 11 55
350 16 30
350 14 45
350 14 65
