100 30 30
54 19 12 1
95 62 14 16
51 58 10 16
53 59 13 4
73 42 12 4
52 1 12 1
50 91 3 4
42 53 12 16
94 46 12 9
41 33 7 1
49 16 14 0
68 27 9 1
45 90 18 25
71 97 13 0
97 13 10 9
61 68 10 16
80 19 13 1
92 50 9 16
95 43 11 16
71 39 8 9
7 13 13 9
38 89 11 4
48 53 9 1
57 38 7 0
34 28 6 1
19 84 7 4
24 43 13 0
97 25 13 16
56 87 13 1
16 9 15 16
34 6 13 4
58 99 14 4
14 16 12 16
36 26 8 25
87 9 6 1
24 72 8 4
10 1 11 16
9 7 7 9
85 12 14 16
23 24 12 4
93 28 8 4
29 72 9 1
87 32 9 4
50 25 13 1
53 10 10 16
69 60 16 1
46 34 13 9
15 22 9 9
45 65 13 16
47 91 7 9
34 70 21 25
57 72 13 4
13 83 12 25
65 23 23 16
72 60 11 4
22 2 9 1
23 46 18 16
51 37 9 1
75 57 18 9
42 94 9 9
30 98 7 1
57 75 9 9
43 5 13 16
25 39 5 16
85 8 15 0
73 66 12 9
32 55 13 9
62 55 9 9
42 35 11 16
56 22 13 16
96 7 7 16
56 58 8 9
85 26 5 0
29 67 11 9
26 11 5 0
29 64 7 16
18 29 9 4
74 49 9 16
60 59 13 16
58 55 7 16
28 50 8 9
30 10 12 1
95 87 5 16
13 24 8 1
49 26 13 0
85 5 16 4
97 90 4 16
11 8 15 16
52 30 4 25
70 38 16 4
63 42 13 0
32 49 14 16
70 86 15 9
67 79 3 25
72 7 11 9
10 46 13 16
69 4 11 4
99 44 11 25
83 37 10 4
61 67 15 9
39 88 4968 741 0.44895829648478 100 5 1.2815515655446
64 75 4688 828 0.0741583121172153 500 5 1.2815515655446
49 59 7422 541 0.168991064764559 100 1 1.2815515655446
72 38 5282 764 0.0768904837383889 100 5 1.2815515655446
91 14 5441 595 0.143537607525941 250 1 1.2815515655446
36 91 5164 714 0.409463555100374 250 7 1.2815515655446
69 88 7960 468 0.208138945368119 500 2 1.2815515655446
35 67 5084 493 0.393272870613728 250 2 1.2815515655446
33 7 1001 1059 0.223396797720343 500 1 1.2815515655446
99 5 5196 467 0.187593102995306 500 7 1.2815515655446
56 27 4867 837 0.0376306003518403 500 7 1.2815515655446
7 10 5022 615 0.131983750404324 100 6 1.2815515655446
92 40 5127 892 0.368654290416744 500 6 1.2815515655446
65 13 4837 451 0.307354261870496 250 1 1.2815515655446
77 33 8123 929 0.487144778475631 100 2 1.2815515655446
69 74 5002 677 0.460879780557007 500 7 1.2815515655446
71 67 5194 811 0.456217118315399 100 7 1.2815515655446
38 25 7145 720 0.306886344582308 100 7 1.2815515655446
68 8 5173 519 0.435577006684616 250 6 1.2815515655446
17 61 1006 655 0.115614058899228 500 7 1.2815515655446
72 15 7728 619 0.14622881048359 250 6 1.2815515655446
98 75 7607 953 0.0399952204199508 100 7 1.2815515655446
16 6 5287 1076 0.294303746691439 500 3 1.2815515655446
48 4 4427 559 0.417662887359038 500 6 1.2815515655446
15 87 5261 1022 0.0311642199847847 500 1 1.2815515655446
42 20 7853 519 0.189090272092726 250 7 1.2815515655446
29 74 7505 787 0.437504983579274 250 1 1.2815515655446
29 79 1009 1061 0.102253405046649 100 2 1.2815515655446
29 34 7639 528 0.17954175182851 500 6 1.2815515655446
34 45 7999 727 0.198983964517247 100 1 1.2815515655446
350 12 30
350 14 60
350 16 25
350 20 65
1000 14 40
350 20 50
350 14 65
1000 13 65
350 14 35
1000 11 60
1000 12 40
5000 15 45
1000 15 40
5000 13 60
5000 14 40
350 19 40
5000 18 25
1000 20 65
1000 18 70
350 13 75
350 12 75
350 17 25
5000 12 70
5000 11 55
1000 12 30
5000 13 60
1000 19 45
350 13 50
350 19 55
5000 19 50
