100 20 20
23 87 17 9
44 3 15 16
21 50 14 25
35 58 11 9
3 5 6 4
39 5 11 1
85 26 5 4
88 35 9 9
26 47 11 1
49 36 6 9
93 62 2 16
28 65 5 16
14 10 1 25
68 91 6 9
8 72 10 4
49 58 9 1
39 54 14 0
71 35 4 25
27 57 4 9
52 87 8 1
73 70 11 25
61 70 13 4
17 15 7 1
82 35 13 1
76 1 8 4
25 58 10 1
27 56 3 9
58 92 10 1
92 69 15 16
95 61 4 9
71 14 13 1
65 74 14 9
47 12 13 4
96 79 13 16
51 63 12 1
32 60 7 1
51 56 5 4
91 12 13 0
38 33 14 9
83 64 14 1
82 10 11 4
43 65 13 9
58 43 9 1
82 66 11 16
66 63 16 16
24 51 5 4
79 14 1 25
94 91 15 25
68 62 2 16
30 3 14 25
5 22 7 4
67 45 9 4
9 32 10 1
37 23 5 1
35 78 8 9
40 34 9 0
84 13 8 25
39 47 12 16
46 43 13 9
13 18 8 0
39 78 9 4
41 49 10 4
50 74 6 16
16 77 19 16
65 62 7 1
19 64 6 16
88 77 14 0
49 98 9 25
51 29 8 4
22 2 5 16
98 66 7 25
47 82 14 16
2 14 9 4
97 81 11 4
19 16 17 9
13 75 8 9
17 57 8 25
12 71 8 16
99 94 7 16
25 46 14 4
74 49 15 4
33 82 6 4
3 61 6 4
97 54 12 16
74 82 9 4
91 29 6 0
22 63 11 4
2 14 14 1
11 51 15 1
62 33 12 4
66 25 12 1
67 94 5 4
54 85 10 16
73 48 13 0
36 41 4 9
99 75 7 1
92 95 8 1
57 4 2 25
17 18 5 9
88 17 3 25
14 98 1023 770 0.282696218334604 100 7 1.2815515655446
48 56 5177 526 0.196923313327134 100 2 1.2815515655446
48 84 1021 674 0.428839458546136 500 4 1.2815515655446
39 13 7765 575 0.336988729343284 100 2 1.2815515655446
4 51 993 835 0.404754377277568 250 6 1.2815515655446
35 38 1016 634 0.133163910349831 250 5 1.2815515655446
69 1 962 802 0.0580343347624876 100 6 1.2815515655446
89 11 7938 781 0.121892225649208 250 2 1.2815515655446
21 35 8352 795 0.390631197497714 250 2 1.2815515655446
40 26 8203 352 0.143478028252721 100 4 1.2815515655446
30 8 7945 540 0.139967474129517 100 1 1.2815515655446
91 68 996 862 0.0917298985249363 250 3 1.2815515655446
8 51 8383 578 0.464718742321711 250 6 1.2815515655446
66 65 8017 571 0.323398439183366 500 3 1.2815515655446
5 19 8064 369 0.36280097177485 500 2 1.2815515655446
17 69 5013 745 0.143616701851133 250 6 1.2815515655446
49 41 5187 900 0.147906418824568 500 4 1.2815515655446
2 95 4934 878 0.127137065839488 250 1 1.2815515655446
76 69 8334 652 0.378897380109411 250 7 1.2815515655446
69 29 992 728 0.436507068150677 100 3 1.2815515655446
5000 19 45
5000 18 65
350 14 25
350 12 55
350 19 35
5000 14 65
5000 17 50
350 18 70
5000 11 25
5000 13 55
350 18 40
1000 19 35
350 16 60
1000 11 50
1000 10 45
350 11 30
350 15 45
350 19 35
1000 17 65
350 11 50
