100 30 30
86 2 3 16
65 97 13 16
76 42 4 9
17 40 7 9
56 44 7 4
94 93 9 1
9 76 9 16
59 68 13 1
85 55 13 0
16 84 8 9
94 74 8 4
50 49 5 1
65 21 11 9
15 98 16 16
15 98 14 4
62 86 15 1
62 74 13 1
25 24 13 16
53 95 18 9
50 65 13 1
97 43 13 9
52 23 9 0
29 15 11 4
53 77 7 1
63 46 10 1
5 54 7 16
49 83 10 0
8 70 11 4
36 93 18 16
6 28 6 1
26 44 11 9
46 29 8 25
67 9 19 16
75 45 9 4
82 72 15 9
47 42 5 9
40 69 13 4
30 68 15 9
10 59 13 9
46 78 6 9
25 60 11 1
34 89 4 25
5 97 1 9
35 20 6 16
25 47 11 9
59 96 16 4
8 62 12 1
25 91 3 16
43 98 10 9
72 22 3 9
71 17 8 1
65 17 12 0
91 49 10 1
5 90 7 9
52 1 11 9
88 81 9 16
97 27 13 9
42 84 9 0
37 10 14 1
83 3 14 4
95 23 7 25
96 51 7 16
98 31 15 25
50 86 11 4
89 2 12 9
66 87 9 1
57 34 15 1
3 23 11 25
47 41 7 4
87 18 7 0
95 13 15 9
49 21 9 1
82 51 5 16
21 26 12 1
99 64 12 9
50 64 12 1
8 78 6 25
78 35 10 16
76 98 16 4
16 1 12 1
77 95 11 25
41 12 12 1
19 71 12 9
90 6 6 1
1 14 4 4
88 83 1 16
34 71 14 0
69 46 13 16
75 43 11 4
73 78 2 9
36 86 9 16
87 22 5 16
40 2 13 4
9 99 10 1
85 97 5 9
20 74 13 16
38 95 10 25
71 79 13 16
80 48 21 25
12 7 15 4
31 28 4905 555 0.438261190338526 500 4 0.524400512708041
60 37 1005 477 0.145362835619599 100 7 0.524400512708041
9 41 8109 372 0.0305402243020944 100 2 0.524400512708041
43 3 5260 706 0.341540526221506 100 4 0.524400512708041
41 22 946 623 0.176581681654789 100 3 0.524400512708041
24 29 992 753 0.212877730024047 250 5 0.524400512708041
42 17 4676 837 0.271971655006055 250 7 0.524400512708041
1 18 8656 643 0.225488669732586 100 1 0.524400512708041
77 40 7688 784 0.452367167768534 250 4 0.524400512708041
31 14 4754 680 0.248548271586187 250 6 0.524400512708041
55 82 985 981 0.284090475689154 250 2 0.524400512708041
84 37 4946 657 0.220711315893568 250 5 0.524400512708041
51 7 7561 914 0.358351560060401 500 7 0.524400512708041
52 34 1005 435 0.106813350659795 250 4 0.524400512708041
3 80 944 717 0.366274315293413 250 2 0.524400512708041
73 35 5387 496 0.177842062949203 250 7 0.524400512708041
12 29 1002 737 0.268401861719322 250 5 0.524400512708041
97 94 7937 527 0.3660393660306 500 3 0.524400512708041
73 13 8347 734 0.278158126738854 250 1 0.524400512708041
14 76 7548 998 0.120699784657918 250 3 0.524400512708041
33 91 995 675 0.40365546918707 250 4 0.524400512708041
84 68 4926 927 0.276445047955494 250 2 0.524400512708041
95 4 5124 956 0.275817314677406 500 4 0.524400512708041
82 65 987 380 0.488092840148602 250 7 0.524400512708041
59 78 8037 444 0.427875707070343 100 1 0.524400512708041
70 26 7924 863 0.3227332165814 500 1 0.524400512708041
1 34 4365 653 0.139019023322035 250 1 0.524400512708041
38 57 4769 597 0.414525604278315 250 5 0.524400512708041
15 73 980 490 0.0918328888388351 100 6 0.524400512708041
36 24 997 983 0.196742953530047 100 1 0.524400512708041
5000 17 50
5000 13 35
350 18 65
5000 11 40
1000 11 30
1000 19 45
350 11 60
5000 18 30
350 11 45
5000 11 50
5000 15 45
1000 16 50
350 15 35
1000 12 35
350 15 45
5000 16 70
350 14 65
350 12 35
350 16 60
350 14 65
1000 19 50
1000 17 30
350 17 70
1000 12 70
1000 17 55
350 19 30
1000 15 45
350 16 55
1000 14 55
350 19 55
