100 10 10
22 90 14 1
97 22 7 9
4 17 8 4
53 3 5 16
14 50 9 9
71 13 5 1
12 18 3 16
27 77 7 9
37 76 13 1
4 44 5 9
88 93 0 9
97 29 13 4
47 13 12 4
5 4 9 9
67 79 7 4
98 90 6 9
67 39 7 1
69 14 11 4
90 37 17 9
96 74 12 4
83 87 6 4
89 81 6 16
7 80 7 0
11 5 5 0
8 31 13 1
91 18 5 25
87 15 8 9
57 36 4 16
14 28 13 16
26 31 9 9
43 3 3 16
46 85 17 16
22 1 13 1
96 12 12 9
56 91 5 1
41 41 14 9
50 82 16 4
33 43 11 4
58 36 6 4
33 54 4 9
28 71 15 1
47 23 7 16
6 23 4 4
27 45 18 9
36 59 12 16
32 85 5 1
58 18 7 9
22 87 7 1
96 58 3 16
82 93 5 1
98 10 16 9
6 49 6 1
89 16 14 9
69 28 5 4
66 41 14 16
19 67 9 9
64 4 8 0
27 76 3 4
86 52 18 16
96 79 5 25
75 6 5 1
65 88 14 4
15 53 8 9
9 8 11 4
72 21 13 9
86 29 18 16
31 39 5 16
11 9 8 16
53 32 9 1
50 62 2 16
87 42 7 4
64 99 11 0
6 92 12 1
60 79 10 1
49 43 10 1
83 14 13 1
50 94 11 16
42 33 8 1
12 35 14 16
77 21 11 16
1 30 13 16
90 61 1 16
94 92 17 1
66 99 20 9
54 58 14 16
54 15 15 1
50 62 20 16
27 33 12 4
91 27 7 16
87 42 11 1
13 73 6 9
50 38 10 0
17 45 9 9
36 45 14 1
20 98 3 16
35 71 11 16
71 27 14 9
44 15 7 4
18 82 10 1
16 72 12 1
62 24 4935 932 0.380639538818505 250 5 0.524400512708041
57 91 1047 591 0.35250451407861 100 2 0.524400512708041
89 11 1012 574 0.18609349885257 100 4 0.524400512708041
20 13 1015 684 0.333085400287528 250 6 0.524400512708041
31 42 7542 855 0.484840139180887 500 2 0.524400512708041
14 6 4761 452 0.395427042557858 100 2 0.524400512708041
38 88 5185 929 0.113772808881477 500 1 0.524400512708041
99 21 8080 347 0.212314926837571 100 2 0.524400512708041
52 38 8315 514 0.40376280148048 100 6 0.524400512708041
71 38 5137 431 0.356550593343563 500 5 0.524400512708041
1000 14 60
350 11 40
350 19 60
5000 20 35
5000 14 55
5000 13 30
1000 16 30
350 17 65
1000 15 75
1000 11 40
