100 10 10
48 100 9 16
52 39 16 4
95 42 19 9
9 95 12 1
68 69 13 0
72 52 14 16
51 48 11 16
93 64 15 9
47 51 9 16
14 41 15 0
66 50 11 16
64 83 12 0
58 91 11 25
58 32 11 0
42 22 9 1
64 17 8 1
1 22 2 16
56 18 8 9
6 21 4 16
11 3 7 0
9 66 3 16
92 15 13 16
80 32 19 4
63 86 8 1
2 36 0 25
85 100 7 16
78 32 8 25
24 6 9 16
13 32 8 16
39 64 6 25
24 84 8 1
22 11 15 0
63 44 11 4
31 9 11 0
95 19 8 9
70 67 6 4
38 18 14 1
15 75 18 16
85 49 14 1
24 10 9 1
98 64 11 1
8 70 9 9
95 12 15 4
93 36 12 4
92 10 11 4
22 23 10 4
71 13 13 4
2 30 15 25
14 17 6 1
84 14 16 4
96 56 7 0
63 97 7 4
91 48 15 16
23 94 7 1
71 61 12 1
84 90 10 9
31 55 14 9
36 21 5 25
79 92 10 1
63 21 2 9
86 46 17 9
69 74 14 1
40 23 11 9
53 19 20 25
69 20 11 4
61 74 15 1
68 53 6 9
35 87 12 9
73 16 15 1
16 50 12 0
90 80 7 4
25 2 18 16
13 87 13 1
86 78 11 16
1 57 8 0
2 11 7 16
85 47 6 1
40 64 5 4
72 73 10 16
52 84 10 9
72 32 19 9
94 99 7 25
90 32 16 4
6 21 11 1
97 15 18 25
34 30 0 25
40 23 6 16
64 89 5 0
83 36 10 4
37 92 13 1
20 51 10 1
23 79 5 9
42 83 4 16
43 47 18 16
36 19 9 9
13 83 8 1
91 50 13 4
59 18 13 4
23 61 1 16
13 20 11 16
63 91 978 443 0.471000054976903 250 7 1.2815515655446
34 96 8500 387 0.15784205756383 500 5 1.2815515655446
8 88 7965 930 0.47108801885508 500 6 1.2815515655446
88 2 7783 825 0.0372377280262299 100 4 1.2815515655446
50 90 4921 565 0.495143837558571 250 2 1.2815515655446
27 86 4622 366 0.486605750794988 100 7 1.2815515655446
58 82 5100 818 0.132652643739711 500 6 1.2815515655446
59 45 4567 658 0.31291733486345 250 6 1.2815515655446
82 15 1042 478 0.401523205866106 500 1 1.2815515655446
64 28 4719 850 0.0530471561150625 100 3 1.2815515655446
5000 12 70
5000 16 65
5000 14 25
1000 12 60
350 11 45
1000 18 75
350 13 65
1000 19 60
5000 11 75
1000 19 40
