100 30 30
66 89 16 9
66 67 7 4
38 19 5 0
86 56 8 0
61 80 8 4
48 21 6 9
17 90 10 25
57 16 8 4
69 52 11 9
87 97 9 9
22 27 8 25
71 28 9 1
18 15 10 9
70 17 14 4
11 37 6 25
12 67 9 16
13 1 21 16
48 65 16 4
6 63 9 16
20 71 7 1
55 48 9 25
45 34 9 9
88 6 5 9
68 96 11 9
17 29 3 16
19 2 12 9
13 57 16 4
94 79 14 1
58 87 13 4
7 53 8 1
39 52 11 25
11 82 15 9
72 57 9 0
16 12 12 4
61 59 11 4
72 5 13 1
73 73 14 9
37 55 7 0
35 70 14 25
91 86 7 9
90 57 13 4
83 78 13 4
8 78 11 25
5 58 12 9
94 52 14 16
89 41 7 4
30 25 4 25
95 70 9 4
54 32 5 16
56 90 11 1
66 51 6 9
63 2 11 9
45 57 17 4
86 98 16 16
83 67 6 25
48 2 13 9
51 70 12 16
80 83 5 16
74 2 14 9
82 48 9 9
71 58 14 4
23 98 5 4
28 15 13 25
41 7 16 16
73 54 8 1
22 92 13 4
58 53 10 9
38 64 10 9
9 36 4 16
24 34 6 1
6 16 8 9
28 63 10 16
58 73 8 4
35 37 11 9
10 61 8 25
6 81 16 16
77 2 12 1
88 74 7 16
45 53 6 16
85 43 10 9
63 86 13 0
91 45 11 0
54 53 10 25
100 54 9 25
39 4 13 0
96 5 20 16
33 51 13 9
35 18 8 16
58 47 19 25
68 33 13 1
2 3 15 1
62 8 15 4
48 64 7 16
3 81 6 9
10 37 6 0
93 44 5 25
32 21 3 16
63 15 12 1
12 66 13 1
96 57 3 16
62 85 5098 774 0.10627414843766 500 1 0.841621233572914
11 17 8652 451 0.0810754897142761 500 4 0.841621233572914
94 86 7897 517 0.134736619801261 500 7 0.841621233572914
36 95 7554 621 0.176905006910674 500 6 0.841621233572914
81 11 4963 1018 0.397925266751554 250 2 0.841621233572914
41 16 7823 552 0.0877662192587741 500 7 0.841621233572914
15 17 7890 881 0.0685433008288965 100 7 0.841621233572914
92 89 1023 664 0.241852973322384 250 2 0.841621233572914
52 82 1022 503 0.298340349830687 100 5 0.841621233572914
61 8 4827 500 0.0312119921552949 100 5 0.841621233572914
7 28 988 876 0.367166042742319 100 1 0.841621233572914
13 49 8080 535 0.26756910314085 500 6 0.841621233572914
1 20 5184 547 0.221083444373217 100 4 0.841621233572914
60 62 7668 814 0.133305881961714 250 2 0.841621233572914
30 11 1023 821 0.0906707616010681 100 5 0.841621233572914
16 67 992 525 0.253280920041725 500 5 0.841621233572914
3 23 5190 364 0.214914796445519 100 7 0.841621233572914
83 48 1024 822 0.463015222940594 250 1 0.841621233572914
61 67 984 801 0.347870818830561 500 6 0.841621233572914
98 25 7625 378 0.0420533785666339 500 4 0.841621233572914
38 58 1012 391 0.496243497326504 100 5 0.841621233572914
17 43 5156 704 0.0833633794821799 250 1 0.841621233572914
51 67 4698 786 0.252417892029043 250 5 0.841621233572914
9 66 8281 400 0.361530563044362 500 5 0.841621233572914
98 73 993 761 0.237992961525451 500 3 0.841621233572914
84 68 1011 514 0.0627193621709012 500 6 0.841621233572914
37 14 5167 779 0.483636408583261 100 1 0.841621233572914
25 78 5063 842 0.340705981082283 100 1 0.841621233572914
27 55 1003 872 0.209958184007555 250 3 0.841621233572914
79 6 8555 937 0.310791062638164 250 6 0.841621233572914
5000 19 70
5000 16 35
1000 13 35
1000 13 25
350 13 65
5000 19 65
5000 20 50
1000 18 75
350 13 45
5000 15 35
1000 17 45
1000 17 50
5000 16 45
1000 15 75
1000 16 40
5000 20 70
1000 17 35
350 18 55
350 18 40
5000 10 35
1000 20 50
5000 18 65
350 18 30
350 16 70
350 11 60
1000 15 35
350 17 50
5000 13 25
1000 20 55
350 10 55
