100 10 10
25 25 13 4
53 98 7 1
68 89 9 9
43 46 13 16
30 28 15 16
72 79 3 4
84 80 6 1
31 60 10 1
40 32 11 0
30 26 12 1
46 42 17 16
43 71 10 9
12 62 10 9
79 78 4 16
3 11 15 1
30 92 27 16
52 18 8 25
7 15 9 9
89 36 8 0
29 100 11 1
38 3 4 16
66 51 23 25
16 100 1 25
1 33 15 16
26 76 6 16
55 34 22 25
45 41 4 25
63 41 8 0
64 67 10 4
14 22 13 1
72 97 12 9
45 57 5 9
50 99 10 16
28 99 7 1
16 82 10 4
9 64 12 25
24 59 13 9
85 2 6 4
93 18 14 9
9 9 16 1
14 71 13 4
44 63 11 25
5 55 6 16
62 53 11 1
14 12 15 4
93 23 22 16
38 57 12 9
88 22 3 9
83 86 12 16
20 1 6 4
54 55 8 4
58 28 14 4
62 62 7 4
46 74 9 4
95 38 6 9
62 40 10 9
47 36 8 1
62 39 12 0
56 62 11 16
95 90 15 9
82 28 9 25
9 93 16 4
16 7 4 9
92 31 10 16
95 98 10 1
43 78 9 1
60 50 7 16
74 98 17 4
91 63 8 4
22 33 9 16
58 5 5 16
43 67 13 4
96 21 8 1
90 49 14 16
80 47 11 25
54 62 5 1
27 82 11 4
74 43 11 1
25 32 7 0
16 6 8 9
77 19 15 16
44 28 11 4
19 95 14 25
16 80 7 0
17 72 9 16
73 62 13 0
71 2 5 25
52 76 10 0
64 49 12 16
72 49 11 25
49 22 10 1
40 42 10 4
66 57 12 1
31 53 13 1
43 72 5 9
24 24 5 16
34 92 8 1
89 46 8 9
16 73 7 9
72 95 14 16
98 65 8190 413 0.225924126461614 100 4 0.841621233572914
43 77 4599 901 0.328562561757863 250 7 0.841621233572914
73 14 1002 746 0.230138103261124 500 6 0.841621233572914
37 25 8235 378 0.0783785869646817 500 2 0.841621233572914
54 65 5059 815 0.226827750308439 500 4 0.841621233572914
47 17 4802 784 0.155903902328573 250 6 0.841621233572914
35 14 4552 577 0.346837805022951 100 7 0.841621233572914
17 64 4937 729 0.242351080270018 100 2 0.841621233572914
86 13 1007 474 0.0304241583682597 100 3 0.841621233572914
17 7 4823 973 0.493105318448506 500 4 0.841621233572914
350 14 50
350 14 70
350 11 55
350 11 75
5000 10 45
350 12 25
5000 10 70
1000 18 75
5000 16 45
1000 10 45
