100 30 30
16 10 14 1
9 74 12 4
32 40 13 1
42 93 3 9
47 39 6 0
59 16 7 9
75 79 15 25
91 53 13 1
18 27 12 1
49 98 12 16
5 38 6 0
11 10 12 9
29 21 10 9
60 48 11 25
62 83 11 9
40 5 9 4
74 38 16 1
45 27 5 9
67 20 11 1
46 92 3 25
32 54 13 9
65 6 6 16
80 20 3 16
63 100 9 1
65 32 15 1
65 75 8 1
94 95 6 4
14 49 3 16
14 66 10 9
71 86 11 0
91 42 10 4
98 3 13 4
59 34 6 25
76 48 12 9
43 36 8 1
74 5 9 1
26 9 14 0
82 39 6 9
52 53 8 9
26 97 4 1
75 65 14 0
17 32 7 16
39 57 13 0
29 25 13 16
26 85 8 9
15 4 1 16
37 50 14 4
54 71 10 0
97 6 10 4
80 40 15 16
3 65 8 1
25 24 17 9
59 93 8 1
47 68 15 0
94 79 4 9
79 22 8 25
42 90 15 4
46 65 10 0
41 75 6 9
14 16 16 16
14 36 8 0
81 63 12 1
68 36 8 9
8 64 13 9
65 62 10 4
6 18 10 9
86 88 8 1
36 75 9 1
68 93 15 25
37 50 12 0
26 85 9 9
51 64 6 16
56 46 16 4
52 84 10 9
75 17 2 16
68 81 10 9
77 82 9 16
65 41 13 16
18 27 13 9
72 87 10 4
18 22 7 1
19 49 13 0
36 80 11 0
82 40 11 1
61 5 11 1
27 38 17 9
54 32 12 9
10 22 9 1
98 3 15 9
17 16 15 0
64 77 7 1
14 48 5 0
19 49 12 9
91 51 6 4
61 61 13 4
20 19 10 4
77 38 14 1
19 31 16 1
51 72 3 16
40 47 10 16
67 31 4966 917 0.245776534308679 500 3 0.2533471031358
95 95 8566 380 0.434924647407606 100 6 0.2533471031358
71 41 5069 989 0.471394210702274 100 4 0.2533471031358
31 56 995 437 0.274545120699331 500 7 0.2533471031358
11 88 1006 912 0.228038304110523 250 1 0.2533471031358
81 32 4567 943 0.401009063753299 100 7 0.2533471031358
23 87 4919 347 0.433433500374667 100 6 0.2533471031358
11 87 1039 636 0.0923383582639508 100 1 0.2533471031358
28 63 5100 683 0.0319808048591949 500 2 0.2533471031358
65 67 7753 477 0.134723846756388 500 4 0.2533471031358
94 74 8357 599 0.178316699920688 250 5 0.2533471031358
97 78 7779 564 0.29613091137493 100 1 0.2533471031358
3 57 1016 339 0.121572445828933 100 3 0.2533471031358
7 45 8672 747 0.304225308522582 250 4 0.2533471031358
63 22 976 449 0.417214675531723 500 3 0.2533471031358
51 73 1035 400 0.343571211646777 500 7 0.2533471031358
68 32 980 520 0.205876686389092 100 7 0.2533471031358
31 78 4830 927 0.188365378514864 250 5 0.2533471031358
2 64 972 661 0.136370171462186 250 2 0.2533471031358
53 29 970 954 0.224348062311765 500 7 0.2533471031358
84 32 5168 588 0.322786586773582 250 6 0.2533471031358
95 9 7890 472 0.204447483639233 500 3 0.2533471031358
46 62 986 434 0.310103333266452 100 4 0.2533471031358
31 77 4965 570 0.147920131438877 500 6 0.2533471031358
60 12 5104 799 0.242811175254174 250 6 0.2533471031358
48 81 8291 942 0.141114051307086 100 4 0.2533471031358
10 26 1036 889 0.125530770337209 500 3 0.2533471031358
91 77 4821 552 0.201016073194332 100 7 0.2533471031358
69 16 1016 452 0.121423760661855 100 4 0.2533471031358
96 48 7679 381 0.0811209555296227 250 6 0.2533471031358
350 11 45
350 15 45
1000 20 65
350 18 60
5000 13 40
5000 17 45
5000 12 45
350 12 45
1000 19 55
5000 17 60
350 19 50
350 18 35
5000 13 55
5000 12 65
5000 10 60
1000 11 30
350 10 30
1000 13 40
5000 15 60
1000 17 75
5000 17 65
350 13 45
5000 15 70
350 17 55
350 10 50
350 11 55
350 11 30
1000 16 55
5000 13 75
5000 15 25
