100 30 30
21 48 9 4
42 46 8 16
39 51 1 4
10 38 15 16
23 48 14 16
81 78 15 1
29 46 16 16
31 91 11 1
8 39 17 16
20 3 13 9
36 60 12 0
8 26 8 9
15 13 10 4
84 42 9 16
68 54 5 16
84 80 8 0
52 53 5 25
25 76 9 4
16 87 13 1
15 72 10 9
89 51 8 0
30 49 10 1
60 70 15 1
10 54 15 16
46 49 8 1
41 3 10 9
3 52 8 1
11 95 9 4
17 89 9 1
72 63 3 25
37 59 3 9
83 43 5 0
74 97 10 1
22 3 6 25
30 12 9 0
17 31 16 9
36 91 12 25
67 72 7 4
19 68 12 4
40 24 13 9
18 80 6 0
24 75 13 16
31 54 2 4
32 41 11 9
3 97 6 9
58 2 9 0
25 57 9 1
5 90 10 1
85 66 12 9
24 89 9 1
90 76 10 1
43 3 13 4
45 7 3 16
9 36 6 1
48 36 12 1
2 75 12 0
57 5 12 0
35 69 7 0
33 61 9 1
65 85 7 4
5 95 6 4
66 69 11 16
95 74 8 4
45 35 5 1
80 3 3 9
65 67 6 0
79 47 2 25
37 18 14 4
85 48 7 4
82 38 8 4
91 22 12 1
43 82 7 0
98 1 5 9
27 98 12 9
48 4 12 0
75 39 12 0
53 50 2 16
89 50 7 0
95 6 22 25
73 19 10 25
9 26 9 16
34 94 9 4
80 62 15 4
62 55 14 0
81 15 19 9
81 49 6 25
62 61 9 1
80 87 5 0
97 16 4 16
3 81 9 4
17 68 17 4
60 25 8 25
23 98 3 4
30 72 2 16
18 23 16 4
2 44 10 1
97 14 19 16
5 62 12 16
95 33 5 4
43 72 0 16
63 1 998 892 0.310603873070795 250 2 1.2815515655446
66 49 1012 821 0.412062146670651 250 5 1.2815515655446
93 60 5003 451 0.0871977081825025 500 7 1.2815515655446
39 66 988 630 0.336827524681576 100 4 1.2815515655446
71 66 5166 483 0.0520590424770489 500 6 1.2815515655446
62 25 999 455 0.156629059633706 250 7 1.2815515655446
20 63 4813 590 0.0564686100347899 100 7 1.2815515655446
50 31 8481 421 0.427211206927896 250 4 1.2815515655446
86 99 4772 410 0.428455361663364 500 3 1.2815515655446
29 59 5015 366 0.152157625926193 100 3 1.2815515655446
83 4 7426 668 0.427959356545471 500 6 1.2815515655446
65 29 4652 678 0.204294811922591 500 6 1.2815515655446
47 7 1007 655 0.421654273308814 500 4 1.2815515655446
72 64 982 691 0.182241044100374 250 2 1.2815515655446
61 74 5084 935 0.437276283667889 250 6 1.2815515655446
54 83 5101 697 0.077525269149337 100 7 1.2815515655446
97 74 1006 580 0.357679488975555 250 3 1.2815515655446
50 18 968 691 0.390673736049794 100 2 1.2815515655446
20 83 5038 539 0.196511443117633 100 1 1.2815515655446
55 37 1014 534 0.230396772876848 250 5 1.2815515655446
34 9 7923 790 0.113115737203043 500 6 1.2815515655446
52 61 998 669 0.0336801015399396 100 6 1.2815515655446
2 74 990 424 0.0512716240878217 500 4 1.2815515655446
91 70 4970 876 0.185348353318404 100 6 1.2815515655446
29 33 997 600 0.470162772764452 100 6 1.2815515655446
89 89 5253 800 0.236733754966408 500 6 1.2815515655446
6 62 7641 506 0.227958143933211 250 3 1.2815515655446
87 63 1013 934 0.368492555236444 500 4 1.2815515655446
91 95 5054 318 0.306343257799745 250 6 1.2815515655446
80 73 7924 333 0.257614008332603 500 1 1.2815515655446
350 15 70
350 11 55
1000 12 50
350 16 50
5000 20 40
350 13 75
1000 13 35
1000 15 65
1000 16 55
350 11 45
350 10 35
5000 18 55
350 18 55
350 17 60
1000 11 35
5000 15 75
1000 18 55
5000 16 40
350 14 30
5000 17 25
5000 13 70
5000 12 25
5000 18 35
1000 14 50
5000 14 70
350 10 65
5000 14 55
350 13 70
1000 13 50
5000 14 30
