100 30 30
11 88 15 4
44 54 11 9
19 44 8 16
45 53 11 16
7 64 11 0
74 23 9 1
47 95 7 16
100 50 5 0
96 41 14 4
98 57 11 9
62 2 12 16
14 91 10 4
72 83 9 1
67 64 7 1
56 1 12 16
20 9 3 16
28 40 17 16
55 19 10 4
31 83 12 1
75 61 9 16
39 80 8 9
40 41 12 9
89 61 4 25
72 4 16 1
85 84 13 1
72 8 5 1
61 31 13 16
47 66 8 4
42 33 10 9
49 4 8 1
66 88 7 4
49 63 9 16
52 43 12 25
21 83 3 9
1 43 12 9
18 56 14 4
59 65 14 1
47 52 11 16
87 41 19 16
43 55 8 16
18 38 9 16
21 42 13 1
65 27 10 4
80 38 14 0
88 11 10 25
24 97 14 4
84 41 13 1
93 48 6 9
21 48 4 9
92 74 6 4
74 8 13 9
32 70 7 16
56 14 7 9
91 99 5 4
40 74 1 25
79 86 4 16
93 12 4 1
98 73 8 16
73 75 8 4
92 49 4 4
1 48 4 16
38 96 10 4
64 17 17 25
33 39 15 0
47 10 16 16
81 74 15 16
5 33 7 9
53 89 14 9
68 62 5 1
23 79 5 9
92 98 11 16
7 40 17 16
86 23 9 4
26 95 15 9
41 46 10 1
36 100 9 9
70 50 16 4
78 45 7 16
75 97 3 9
58 27 5 0
91 33 7 4
96 87 12 9
78 28 14 16
70 30 9 4
78 56 8 1
16 80 11 16
72 59 14 16
11 99 19 9
10 43 7 9
85 95 11 1
90 75 13 9
34 65 11 4
99 96 10 0
12 40 11 16
43 27 1 16
70 70 10 9
58 40 12 1
39 2 18 16
58 47 8 16
4 84 7 1
39 95 8165 638 0.245088897077367 250 6 0.841621233572914
40 10 8341 428 0.252274287387263 250 1 0.841621233572914
94 12 5065 606 0.351012606504373 100 1 0.841621233572914
23 90 4901 456 0.360084556380752 500 1 0.841621233572914
51 13 1016 603 0.227524651917629 100 3 0.841621233572914
45 37 7687 552 0.345073821076658 250 4 0.841621233572914
25 57 989 691 0.291228887417819 250 2 0.841621233572914
48 21 5008 909 0.223502786755562 100 1 0.841621233572914
74 57 5101 702 0.498602239887696 500 6 0.841621233572914
36 81 995 917 0.0357734378403984 100 5 0.841621233572914
36 58 986 909 0.474921382598113 250 1 0.841621233572914
23 95 8169 527 0.389107032029424 250 1 0.841621233572914
25 51 984 428 0.181366400378756 100 2 0.841621233572914
33 35 992 826 0.299590966431424 100 7 0.841621233572914
44 42 7902 410 0.404685676433146 250 4 0.841621233572914
33 78 8262 508 0.325888276631013 100 5 0.841621233572914
6 14 4679 530 0.0493716980353929 250 1 0.841621233572914
20 49 1027 615 0.264248736540321 500 7 0.841621233572914
55 99 8125 863 0.121787270731293 250 2 0.841621233572914
14 18 4893 841 0.143970840410329 100 4 0.841621233572914
1 38 5122 481 0.383822956334334 250 7 0.841621233572914
37 4 7619 792 0.233321708121803 250 4 0.841621233572914
52 54 8106 447 0.415634419759735 500 2 0.841621233572914
81 24 7987 447 0.446131681720726 250 2 0.841621233572914
33 85 4695 333 0.38226138941478 100 6 0.841621233572914
76 50 8366 818 0.228479697548319 250 1 0.841621233572914
59 17 5356 425 0.371100609691348 100 6 0.841621233572914
19 45 972 343 0.375488725169562 250 1 0.841621233572914
65 71 8157 795 0.35122943157563 250 4 0.841621233572914
67 71 4965 382 0.172768505522981 500 2 0.841621233572914
350 12 65
5000 14 70
350 18 35
5000 17 50
350 18 65
350 14 60
1000 17 70
350 14 65
350 12 50
1000 17 65
350 12 45
350 19 40
5000 18 70
5000 10 25
5000 12 70
350 14 70
5000 17 30
350 19 75
1000 19 40
5000 13 45
1000 12 70
5000 18 55
1000 14 50
1000 13 30
350 17 65
5000 18 70
5000 18 65
5000 13 65
1000 11 55
1000 17 70
