100 20 20
34 95 17 16
57 93 11 16
69 7 3 16
25 55 14 0
27 33 9 1
83 16 15 9
65 10 7 1
87 53 16 9
88 56 14 9
14 10 14 1
69 68 18 25
69 11 11 4
31 91 13 1
36 72 8 4
10 9 11 0
64 39 19 4
71 74 3 16
43 5 13 9
22 70 11 16
89 28 13 25
38 37 11 16
10 5 11 25
95 99 9 1
41 97 12 0
60 80 14 16
9 70 10 1
55 6 14 9
99 53 6 0
56 47 13 16
48 35 8 1
34 55 14 16
3 4 4 25
82 21 12 1
11 16 14 0
91 62 9 0
98 45 9 9
40 51 9 9
97 16 8 1
29 20 10 16
56 29 4 1
90 3 5 25
75 34 10 9
22 77 10 4
10 33 6 9
48 100 10 25
67 30 10 1
41 72 10 1
58 83 12 4
87 74 12 1
6 67 20 16
75 26 15 9
46 22 11 16
49 77 9 16
76 18 9 1
82 67 19 16
44 48 11 16
56 24 15 9
45 55 13 16
49 44 16 1
72 60 8 16
98 11 16 25
23 22 5 4
87 69 7 1
95 45 13 4
46 63 11 1
60 76 15 16
70 61 7 1
59 6 12 9
33 48 4 4
35 40 16 1
56 4 9 4
50 2 9 16
87 75 14 1
58 31 13 0
100 94 12 16
30 31 11 9
5 71 6 1
94 62 5 25
14 34 14 9
51 57 6 9
63 45 7 1
62 92 11 4
30 37 9 9
11 15 15 4
31 17 4 9
26 39 9 4
70 22 6 4
15 87 9 25
33 16 13 1
27 69 7 4
21 84 4 16
53 47 12 9
15 18 8 1
98 87 9 1
56 50 10 1
33 94 12 16
42 85 9 25
3 60 14 1
21 47 9 16
98 66 9 4
80 44 1048 647 0.0662617105315439 250 7 0.2533471031358
6 76 8018 435 0.460348946587183 250 6 0.2533471031358
97 22 7832 781 0.228520997676533 500 2 0.2533471031358
72 64 5021 946 0.355395446999464 100 1 0.2533471031358
47 21 981 775 0.436684185743798 500 1 0.2533471031358
51 92 1003 898 0.217029354802798 500 3 0.2533471031358
92 32 980 999 0.0633286669314839 100 5 0.2533471031358
90 9 1017 719 0.232530685204547 500 5 0.2533471031358
10 43 4678 402 0.405505914313253 100 6 0.2533471031358
53 23 4859 356 0.281591987549327 100 4 0.2533471031358
93 39 4707 362 0.191718231609557 250 2 0.2533471031358
67 58 5123 395 0.335431925929152 500 4 0.2533471031358
90 34 8051 785 0.494089700947516 500 2 0.2533471031358
33 61 7788 785 0.0963386014010757 250 7 0.2533471031358
58 82 8166 875 0.243147019566968 100 1 0.2533471031358
32 89 7977 852 0.330031943412032 250 7 0.2533471031358
36 46 7996 369 0.214803592613898 250 1 0.2533471031358
48 19 969 547 0.138898355402052 100 6 0.2533471031358
19 31 7643 390 0.319422665012535 250 5 0.2533471031358
80 36 1010 421 0.490549318175763 100 5 0.2533471031358
5000 14 60
1000 18 70
1000 10 50
5000 16 65
5000 16 35
1000 13 75
1000 19 40
5000 13 70
5000 12 70
1000 20 55
1000 16 70
1000 11 45
5000 17 30
1000 17 60
5000 19 75
1000 12 35
1000 15 35
1000 18 65
1000 13 35
5000 11 50
