100 10 10
29 56 2 16
39 73 16 4
75 26 10 4
55 69 8 4
23 83 11 0
52 73 5 25
88 44 15 16
7 55 12 1
4 88 11 16
19 10 8 9
20 59 5 9
53 53 10 4
68 34 8 9
22 82 17 25
83 79 12 4
40 82 3 16
98 22 6 9
3 67 14 9
42 58 17 16
54 58 15 16
44 16 9 16
98 91 0 16
40 30 14 16
53 21 13 1
68 22 11 16
41 46 2 25
22 100 2 16
59 7 8 4
89 87 14 16
32 71 11 4
77 82 9 16
49 64 9 9
63 28 6 16
18 30 16 16
75 33 6 25
19 8 8 4
68 43 12 4
97 2 3 9
16 18 4 1
48 87 10 1
87 61 5 4
95 24 9 4
57 35 18 16
93 33 5 4
22 83 8 9
60 90 11 1
22 9 17 16
62 25 12 4
54 97 8 9
7 14 7 4
26 90 8 1
83 53 12 16
16 79 7 1
74 14 5 9
84 36 14 16
13 1 8 4
6 49 7 4
49 79 7 4
58 84 6 0
33 85 14 25
77 77 7 1
5 47 13 9
63 55 11 4
64 64 9 0
61 65 11 16
35 9 9 16
95 90 2 9
52 33 6 25
23 33 10 4
73 13 10 16
67 79 11 1
4 53 6 16
96 15 11 9
39 90 9 16
70 31 13 16
82 35 3 25
35 41 8 4
54 41 10 16
36 4 9 1
64 10 10 1
39 13 9 16
67 82 17 16
61 55 5 4
12 50 12 9
14 25 8 16
12 46 15 9
40 83 4 16
46 90 9 0
15 41 13 9
39 44 4 4
3 99 16 9
44 88 9 16
37 10 6 1
95 30 13 1
77 64 5 1
26 59 10 9
36 19 1 25
8 52 3 9
44 14 8 16
80 17 5 16
47 49 7787 730 0.0735333140520379 100 5 0.524400512708041
9 86 993 658 0.390020096437074 250 5 0.524400512708041
43 85 996 456 0.464763971110806 250 7 0.524400512708041
46 2 8026 515 0.3362678889581 100 2 0.524400512708041
50 58 996 399 0.341704707280733 500 7 0.524400512708041
51 22 8134 816 0.335031841811724 100 3 0.524400512708041
53 23 8222 879 0.292183583090082 500 7 0.524400512708041
97 10 7844 595 0.281600465998054 250 1 0.524400512708041
14 42 1005 560 0.27327724495437 100 3 0.524400512708041
18 49 989 825 0.323767482053954 250 3 0.524400512708041
350 14 65
1000 17 70
350 12 50
350 12 40
5000 11 30
1000 20 65
350 12 70
1000 15 50
5000 15 55
1000 15 50
