100 10 10
46 61 9 1
70 31 16 25
44 49 12 9
42 50 8 4
67 14 7 1
95 94 6 16
4 74 2 16
8 37 10 4
18 39 10 4
27 14 7 4
53 68 11 9
17 50 17 9
92 62 9 9
95 54 16 16
28 53 2 9
82 32 9 1
17 66 12 25
80 25 9 9
46 46 12 4
60 96 13 0
53 74 14 0
69 31 11 9
34 25 7 4
3 98 13 16
94 40 14 0
62 71 15 4
10 41 2 25
83 16 14 16
1 9 14 1
95 71 11 25
22 39 15 1
34 30 9 9
86 49 7 4
6 11 6 1
87 6 10 9
64 68 5 1
20 75 8 9
48 100 9 4
88 83 8 9
1 59 8 0
65 67 12 1
82 9 4 25
2 63 16 4
24 87 17 9
57 48 6 0
58 25 6 1
49 96 15 16
52 49 14 1
87 73 20 9
42 72 13 4
57 57 7 4
89 44 4 1
36 88 15 16
9 81 13 9
97 80 8 4
94 85 14 16
97 70 10 9
90 15 10 1
70 92 6 9
36 25 5 4
45 38 9 9
77 3 5 1
51 71 3 9
87 55 11 16
71 79 13 9
81 29 9 1
87 52 14 16
7 77 11 0
73 68 12 4
42 53 4 4
74 8 6 4
93 39 12 1
13 45 18 25
69 50 12 9
86 2 19 9
81 98 10 4
76 30 12 1
87 70 20 25
68 84 7 9
65 1 10 16
88 61 9 1
69 69 13 0
78 70 14 9
72 73 17 4
39 46 9 0
91 81 3 9
83 57 11 16
59 100 13 1
83 4 9 9
10 100 13 25
18 50 8 1
11 61 16 4
76 96 8 1
2 81 11 25
5 81 15 16
36 53 7 1
37 80 9 4
4 3 16 9
44 12 9 1
33 23 6 16
90 40 983 353 0.186100660415832 100 6 0.524400512708041
50 60 1022 492 0.114130495393183 250 6 0.524400512708041
15 19 980 816 0.230742121220101 100 4 0.524400512708041
83 22 7825 430 0.368521739996504 250 1 0.524400512708041
28 46 962 638 0.0660876813926734 500 4 0.524400512708041
13 64 4539 529 0.439317696227226 250 3 0.524400512708041
9 44 7943 992 0.165661948218476 100 2 0.524400512708041
5 79 1012 511 0.423446985471528 250 4 0.524400512708041
20 64 955 352 0.0994279446639121 500 4 0.524400512708041
93 40 5312 550 0.163997904213611 500 7 0.524400512708041
5000 11 65
350 10 35
350 13 65
5000 13 70
5000 11 45
5000 14 25
350 18 30
1000 12 70
5000 11 65
1000 18 40
