100 30 30
68 73 4 25
6 24 7 4
79 37 4 9
22 87 6 4
17 98 6 1
100 55 12 16
63 18 9 1
64 9 13 1
11 24 10 1
89 81 9 0
69 43 4 16
51 97 12 4
51 51 12 25
33 63 8 0
72 71 12 9
14 63 12 1
15 12 12 9
48 97 3 9
20 66 12 16
25 69 7 9
83 2 7 4
24 6 5 9
76 84 14 1
85 31 8 4
62 97 7 1
22 47 5 1
88 28 12 4
61 40 15 4
5 2 7 1
30 5 2 25
26 69 7 4
15 28 4 16
95 17 9 25
26 35 18 9
56 68 12 9
26 92 14 0
18 38 17 9
53 52 13 16
94 57 4 25
35 68 9 1
93 53 6 0
4 81 8 1
60 56 9 4
80 81 7 9
3 87 14 9
72 83 15 16
62 2 8 16
19 11 8 4
99 91 10 16
77 96 14 1
80 55 6 1
6 75 10 1
19 88 9 9
1 17 13 1
8 56 17 16
75 25 11 1
35 44 8 4
14 27 7 1
39 91 5 16
26 64 9 16
55 45 4 4
52 24 16 16
56 31 7 4
20 73 7 16
7 90 14 9
8 55 12 4
13 17 13 16
14 79 12 25
16 69 5 16
37 18 12 16
36 25 7 9
80 14 7 1
20 92 6 16
67 47 2 4
78 62 11 1
86 54 9 1
20 76 8 4
78 61 10 0
71 39 11 1
45 45 8 0
70 25 6 1
58 5 14 4
16 20 15 16
9 95 11 4
13 32 7 1
37 88 10 9
38 70 18 9
39 72 6 25
4 96 10 9
54 45 5 0
5 6 14 9
13 71 7 16
25 22 5 9
8 19 12 1
88 71 6 9
39 75 12 9
55 57 14 16
94 35 8 4
91 72 7 1
49 39 13 16
21 28 1007 448 0.239307520389557 250 1 0.2533471031358
5 57 994 689 0.211409794492647 100 6 0.2533471031358
45 70 7705 648 0.311926432282198 250 3 0.2533471031358
75 13 8044 590 0.364710126859136 500 3 0.2533471031358
63 88 4985 495 0.14001286027953 250 1 0.2533471031358
96 43 5185 324 0.310561548345722 100 6 0.2533471031358
99 99 1006 697 0.110667277798057 250 4 0.2533471031358
70 20 1001 481 0.249911102827173 100 5 0.2533471031358
91 7 5526 787 0.271706061838195 500 3 0.2533471031358
59 26 5170 833 0.149623590086121 100 6 0.2533471031358
38 30 7738 866 0.127803228448611 500 6 0.2533471031358
24 73 989 627 0.213016250529327 250 3 0.2533471031358
62 78 8399 557 0.100991674365941 100 3 0.2533471031358
8 11 5060 415 0.0318136667716317 100 6 0.2533471031358
42 84 7775 661 0.188837546189316 500 3 0.2533471031358
49 14 7566 356 0.294298744737171 250 1 0.2533471031358
53 43 8779 326 0.107704671355896 500 1 0.2533471031358
48 16 7765 510 0.293248890356626 100 4 0.2533471031358
96 59 4737 381 0.446409059886355 500 1 0.2533471031358
50 9 5159 541 0.354040753550362 250 6 0.2533471031358
13 86 5226 448 0.203896226345096 100 5 0.2533471031358
95 12 1015 566 0.357909625160973 100 6 0.2533471031358
13 76 4736 443 0.465865810185205 250 4 0.2533471031358
50 88 5018 752 0.357847964193206 100 6 0.2533471031358
17 68 1004 475 0.0877226851088926 500 3 0.2533471031358
48 2 1019 549 0.399315632870421 500 6 0.2533471031358
75 57 988 863 0.276192860559095 100 7 0.2533471031358
92 50 989 537 0.0507105944398791 500 6 0.2533471031358
75 26 980 745 0.200251086943317 250 1 0.2533471031358
67 74 7908 792 0.344757176875137 250 4 0.2533471031358
1000 14 50
5000 14 70
350 19 40
5000 14 65
1000 19 60
1000 14 70
350 14 65
1000 15 70
350 13 55
5000 15 65
350 11 50
350 12 65
1000 14 30
1000 13 65
1000 17 35
1000 11 55
1000 19 65
5000 14 45
1000 12 30
350 13 35
1000 20 35
1000 16 30
350 16 75
5000 11 30
1000 20 70
350 12 75
1000 15 65
5000 15 50
5000 19 35
5000 19 60
