100 30 30
62 81 6 25
21 50 10 1
4 13 7 4
91 85 3 4
67 40 14 1
4 91 12 9
61 87 8 1
60 89 11 16
81 9 8 4
82 85 16 9
87 57 9 4
35 64 4 25
82 58 12 4
17 36 13 9
18 11 16 25
94 19 14 0
33 27 9 16
89 42 14 1
82 98 12 16
74 26 8 9
91 21 8 9
8 62 9 4
79 8 7 16
68 96 8 25
50 65 9 9
35 19 11 1
23 23 2 25
57 8 4 25
50 63 15 4
11 64 8 25
40 53 16 9
14 32 7 4
86 52 17 16
19 71 7 4
88 2 13 4
31 54 8 1
95 53 10 4
43 87 10 25
59 41 13 0
94 4 3 16
58 14 21 16
60 71 13 1
11 36 15 9
98 21 11 9
10 66 18 9
50 21 12 0
12 18 8 4
79 26 4 16
98 37 11 1
76 88 5 9
12 4 4 1
78 65 19 25
38 20 6 16
67 32 10 4
11 41 8 9
94 30 18 16
44 26 9 0
17 55 7 1
18 6 9 25
78 97 15 4
63 58 9 1
11 19 15 9
37 64 11 1
72 82 2 25
8 80 7 0
57 52 16 4
24 62 10 4
20 80 13 4
11 56 11 16
78 9 9 0
4 12 13 1
19 84 11 4
72 44 10 1
18 27 10 4
98 25 5 1
97 41 15 25
45 57 11 4
52 5 8 4
88 8 17 25
78 71 14 1
15 61 9 0
53 9 13 1
36 52 3 4
29 82 9 4
62 26 14 4
36 8 12 4
83 7 15 25
51 64 5 4
17 50 7 16
75 61 7 1
57 51 17 16
55 32 13 1
21 81 1 25
52 28 17 1
18 60 11 9
95 53 6 9
59 68 12 16
15 76 7 4
79 32 12 1
34 56 8 4
66 31 985 773 0.10701299056178 250 3 0.841621233572914
16 24 8539 641 0.289534640402999 100 3 0.841621233572914
18 18 5135 607 0.34957962380955 500 5 0.841621233572914
87 74 5152 471 0.257055793672334 500 7 0.841621233572914
40 46 8242 580 0.406860434862319 500 3 0.841621233572914
27 94 981 822 0.412851306425873 100 6 0.841621233572914
35 93 4832 611 0.391723639236297 500 5 0.841621233572914
51 62 1013 688 0.166976253313478 100 6 0.841621233572914
35 42 1023 844 0.2004462052905 500 4 0.841621233572914
13 54 5190 907 0.368955867802724 100 7 0.841621233572914
73 2 972 970 0.408652169811539 250 6 0.841621233572914
84 54 969 1020 0.139097309941426 250 6 0.841621233572914
32 89 8011 982 0.17860676960554 250 6 0.841621233572914
95 28 1019 969 0.169924237336963 250 6 0.841621233572914
20 23 8192 805 0.27402614613995 250 5 0.841621233572914
27 23 4975 407 0.465584674836136 250 3 0.841621233572914
9 3 992 919 0.315808958180714 250 7 0.841621233572914
67 70 4832 911 0.499329270203598 500 5 0.841621233572914
8 71 7971 348 0.127357328338549 500 5 0.841621233572914
3 50 8290 798 0.425620330497623 100 2 0.841621233572914
29 56 1035 424 0.480604766220786 500 3 0.841621233572914
13 17 988 679 0.331565292060841 250 4 0.841621233572914
79 76 972 732 0.116454257103615 100 1 0.841621233572914
81 5 7477 987 0.170316751715727 500 4 0.841621233572914
64 70 7861 1004 0.24992332237307 500 5 0.841621233572914
48 6 7997 909 0.0727168148616329 100 4 0.841621233572914
6 48 1000 856 0.13697978919372 500 4 0.841621233572914
92 31 8161 555 0.0871588928904384 500 6 0.841621233572914
74 87 4626 529 0.14455393122742 500 3 0.841621233572914
60 28 5151 365 0.414207310960628 500 5 0.841621233572914
1000 19 70
5000 12 45
350 14 55
5000 16 35
1000 10 45
1000 17 35
350 20 35
1000 12 65
5000 13 50
1000 13 55
350 17 35
1000 19 70
1000 11 70
5000 16 50
350 17 45
1000 19 45
5000 15 70
1000 18 60
5000 14 75
1000 19 45
1000 12 45
350 10 45
5000 13 60
5000 17 30
1000 14 50
5000 19 75
350 11 35
1000 15 45
5000 17 50
350 17 50
