100 20 20
55 9 7 16
8 50 11 9
7 91 6 25
8 64 12 4
43 19 12 16
68 77 12 4
14 60 10 4
51 44 10 9
61 70 4 25
47 40 19 16
18 96 8 1
3 80 12 9
84 91 9 0
47 19 6 1
21 58 6 1
23 81 11 16
43 5 18 4
52 58 13 1
3 18 13 16
38 47 13 1
25 14 13 16
19 12 12 9
28 65 6 4
71 13 6 25
15 1 14 16
90 3 7 1
25 46 12 9
17 76 11 4
29 79 9 4
44 48 1 9
60 38 14 0
17 62 8 1
90 43 12 1
60 20 11 9
66 8 13 4
93 53 14 9
84 18 12 4
53 38 12 1
98 13 6 16
27 51 14 0
40 3 10 25
57 13 10 25
99 71 9 4
48 92 11 1
90 19 7 9
86 49 6 25
44 99 12 9
10 72 10 9
91 19 15 0
70 87 15 0
71 68 11 4
27 48 10 4
81 9 14 9
19 100 2 4
32 73 4 1
99 99 8 4
29 59 7 1
47 63 13 25
67 18 14 4
21 13 5 0
19 22 7 4
3 8 7 4
57 59 9 9
79 82 7 4
58 27 7 4
34 12 11 0
45 7 11 1
95 47 7 0
8 29 15 4
75 44 12 9
55 14 15 16
72 90 11 1
20 4 15 1
51 66 11 9
98 89 8 4
63 45 14 1
66 33 7 1
50 27 12 1
86 64 11 0
63 36 6 1
90 42 4 4
42 43 7 4
21 97 12 9
85 74 13 4
4 31 9 9
32 31 4 1
72 79 10 1
31 14 19 9
6 31 0 25
35 90 14 4
90 95 16 16
76 52 3 16
24 50 15 0
23 69 12 4
75 42 11 9
33 70 7 9
17 27 6 16
55 20 8 16
70 87 14 4
9 20 11 4
4 48 1029 553 0.0828285198961385 250 2 0.524400512708041
43 59 4791 884 0.255114939226769 250 6 0.524400512708041
57 78 978 531 0.128716309380252 500 3 0.524400512708041
88 55 5021 381 0.206145784503315 500 3 0.524400512708041
80 67 4895 905 0.0437646845774725 500 3 0.524400512708041
84 14 997 558 0.0422640389855951 100 7 0.524400512708041
38 88 4664 606 0.369524892435875 250 6 0.524400512708041
90 98 967 496 0.321340798751917 100 5 0.524400512708041
79 42 8415 896 0.385113633654546 500 2 0.524400512708041
44 36 8188 969 0.4346448476566 100 2 0.524400512708041
52 29 8148 783 0.439002286181785 100 5 0.524400512708041
28 78 4955 728 0.403546884681564 500 5 0.524400512708041
21 23 1030 534 0.164488270492293 500 3 0.524400512708041
70 8 8086 777 0.0870594624569639 100 7 0.524400512708041
97 70 7994 603 0.162575759505853 500 1 0.524400512708041
80 97 989 693 0.34115954646375 100 6 0.524400512708041
88 5 7975 894 0.0651135811931454 250 7 0.524400512708041
12 31 8256 991 0.375748415880371 500 6 0.524400512708041
81 42 4779 584 0.422688146254513 500 6 0.524400512708041
32 77 7638 829 0.0850267389998771 100 2 0.524400512708041
350 15 40
5000 13 75
5000 18 40
1000 19 55
350 19 30
350 16 35
5000 14 30
5000 14 30
1000 15 30
1000 11 65
1000 18 55
350 16 35
5000 12 70
1000 13 70
5000 15 45
350 12 50
5000 18 40
350 12 55
350 14 75
5000 16 35
