100 30 30
76 60 11 25
79 42 13 16
79 40 20 16
21 70 4 16
16 21 16 25
83 50 12 9
55 21 10 25
52 94 5 4
63 49 7 25
62 75 13 1
19 63 13 1
98 91 10 1
14 77 9 4
88 10 15 0
93 8 10 4
90 97 22 25
38 68 6 16
2 62 11 0
91 31 7 1
54 53 5 4
23 98 9 4
99 8 14 9
37 47 9 4
9 58 9 9
36 14 12 9
57 62 10 4
30 32 8 16
4 46 5 9
45 54 19 25
21 47 13 4
16 50 6 4
30 69 14 16
2 1 10 1
76 69 13 1
32 86 7 1
84 89 4 9
85 96 13 4
17 18 17 16
49 71 14 9
69 48 9 0
33 64 6 9
57 87 14 4
39 24 14 4
29 44 8 9
18 20 8 1
12 17 20 16
86 95 7 9
52 97 8 1
5 62 6 4
37 15 13 4
81 56 14 25
51 65 12 1
12 92 9 0
59 33 13 4
1 55 10 1
61 27 16 25
17 23 13 16
50 91 13 1
13 8 14 9
61 18 12 1
61 48 1 16
95 3 12 9
55 1 5 1
56 29 11 16
63 22 15 9
99 29 13 16
54 99 10 4
74 79 12 4
54 86 5 1
55 2 13 9
93 72 13 16
50 77 7 9
96 76 9 1
35 32 13 1
48 36 8 9
77 27 18 16
11 33 12 9
72 65 15 16
9 99 6 4
50 100 11 1
54 67 12 1
23 90 11 0
33 10 9 4
3 24 4 1
55 27 8 1
32 55 6 16
8 95 10 4
82 5 17 4
12 35 6 1
96 63 4 25
72 65 7 4
15 38 10 1
4 71 11 0
67 55 12 0
90 54 10 1
36 66 6 4
80 29 11 4
16 21 7 1
7 12 16 1
80 57 14 9
81 71 8088 960 0.175450515670236 100 1 0.2533471031358
30 79 994 881 0.149590356838889 100 4 0.2533471031358
99 98 1027 498 0.238260436458513 500 1 0.2533471031358
69 47 983 973 0.0507369138742797 100 1 0.2533471031358
17 61 5104 526 0.369225120760966 500 7 0.2533471031358
46 18 1014 710 0.0889238642272539 250 7 0.2533471031358
62 9 1022 899 0.37107923344709 500 5 0.2533471031358
11 33 1014 435 0.139750467075501 250 5 0.2533471031358
87 13 7862 989 0.136994931844529 250 5 0.2533471031358
58 35 7743 814 0.448259725405369 250 5 0.2533471031358
58 66 1011 781 0.337762929962482 100 4 0.2533471031358
80 27 5314 1006 0.337448612141889 500 3 0.2533471031358
45 68 976 576 0.424765561963432 250 3 0.2533471031358
13 78 7872 956 0.39024596363306 100 1 0.2533471031358
92 89 8276 396 0.231535970505793 500 4 0.2533471031358
53 84 4760 596 0.310161876562051 100 6 0.2533471031358
62 22 5170 1028 0.183907467669342 100 7 0.2533471031358
66 85 993 1018 0.257168452162296 250 1 0.2533471031358
24 66 4804 631 0.18631064291345 500 7 0.2533471031358
26 59 985 579 0.478316130575258 250 5 0.2533471031358
52 22 7736 988 0.266755705426913 500 3 0.2533471031358
63 73 4790 689 0.415822243038565 250 4 0.2533471031358
52 12 995 607 0.0982080771308392 250 1 0.2533471031358
98 66 5425 467 0.437310542168561 500 7 0.2533471031358
6 16 4694 418 0.18556198915001 500 7 0.2533471031358
68 31 1009 417 0.278360073543154 100 5 0.2533471031358
70 38 989 540 0.383421449293382 100 3 0.2533471031358
18 7 968 777 0.138582452044357 250 2 0.2533471031358
62 78 4635 517 0.198224330288358 250 1 0.2533471031358
62 60 4875 713 0.468586931305472 100 2 0.2533471031358
350 10 45
350 12 70
1000 14 70
350 11 50
1000 20 45
350 14 50
1000 16 60
5000 11 40
350 19 75
1000 19 50
5000 17 55
350 16 45
350 14 40
1000 20 55
350 14 55
1000 17 45
5000 11 40
350 15 65
5000 18 75
5000 18 60
1000 18 45
350 11 55
350 13 45
350 11 60
350 12 55
1000 12 35
5000 18 45
5000 15 35
350 18 65
1000 15 40
