300 50 50
9 61 14 0
66 53 12 4
27 8 16 9
74 87 17 4
9 35 13 4
6 27 14 9
91 3 10 4
37 49 9 9
78 78 13 16
37 57 11 0
69 96 2 4
85 46 17 4
90 54 8 0
49 73 12 4
53 60 8 4
64 14 7 9
93 12 14 1
48 33 12 1
15 50 11 25
31 99 13 1
96 93 9 4
49 22 0 25
87 68 7 25
8 24 8 1
84 5 13 4
22 69 3 4
90 34 10 25
86 80 8 9
57 66 6 4
87 87 12 1
35 46 12 25
22 97 9 0
49 15 12 16
56 59 10 25
98 68 7 0
48 35 6 4
7 33 4 9
58 64 6 25
71 80 11 1
9 65 9 16
12 4 8 9
61 92 1 16
100 15 5 1
33 32 7 16
6 40 7 25
62 6 6 1
16 94 13 9
44 82 6 1
11 69 12 16
16 53 8 1
91 43 16 9
67 80 5 9
39 31 9 1
9 33 17 9
69 57 9 9
3 6 6 9
57 89 25 25
52 81 14 1
34 49 9 4
29 42 12 0
70 35 11 4
9 91 9 16
45 76 8 9
61 34 14 1
16 96 8 1
26 67 16 4
69 68 7 4
27 40 7 4
20 82 11 16
85 11 15 9
90 43 11 25
68 20 12 4
87 81 16 1
17 80 16 4
2 12 13 16
20 69 11 9
56 16 17 25
78 71 10 9
80 36 13 25
83 52 10 16
14 85 18 16
98 42 8 4
85 92 11 0
31 97 13 16
56 75 25 16
12 11 8 25
71 39 8 9
52 40 8 9
40 34 5 16
63 70 12 16
71 62 10 4
71 90 12 4
5 68 7 16
90 37 5 0
55 3 14 9
92 89 12 25
63 26 18 9
25 86 12 0
2 13 11 0
65 61 15 0
43 78 9 9
54 48 12 0
67 76 16 9
32 71 13 9
34 28 15 25
53 65 13 1
92 33 7 1
46 42 9 0
75 9 9 16
89 87 15 16
89 49 8 9
71 28 1 9
40 11 9 16
69 43 7 9
92 27 9 9
50 62 9 0
15 26 14 4
55 92 14 4
88 93 2 9
14 25 10 4
91 52 13 16
30 66 12 1
51 36 13 4
100 46 11 4
96 99 3 16
50 95 11 0
58 19 6 9
86 19 8 0
53 72 11 0
12 18 6 0
8 36 11 16
32 86 13 1
65 84 13 16
26 50 23 16
13 27 14 0
70 23 14 9
73 21 9 1
61 48 1 9
39 40 18 9
40 94 14 16
88 12 11 16
90 79 13 1
55 6 12 0
30 34 11 25
57 32 5 4
69 41 7 0
32 54 6 0
86 88 12 0
8 68 9 9
95 89 10 4
98 84 10 16
14 37 2 25
100 41 3 16
97 75 8 1
96 55 8 0
32 55 13 4
88 79 8 16
13 76 8 9
9 7 7 9
43 39 17 9
51 22 7 16
41 40 2 16
54 87 8 4
18 31 13 4
68 52 9 4
60 16 11 1
82 24 6 25
70 17 13 25
4 83 16 4
87 25 11 9
24 65 13 16
7 12 5 1
35 57 14 9
22 14 10 1
41 3 21 9
91 78 12 4
27 28 8 4
24 35 17 9
13 98 11 4
2 23 19 9
96 83 11 1
99 1 13 9
82 31 5 4
29 29 8 4
74 38 14 16
78 8 11 4
97 34 11 4
48 72 14 4
60 68 9 9
36 46 11 4
71 65 11 16
38 14 13 0
85 2 14 4
78 24 14 25
80 27 16 9
24 20 13 0
87 83 13 0
44 37 11 9
68 53 7 9
45 24 11 9
99 36 12 9
35 34 9 4
66 90 8 1
56 63 6 9
90 93 15 25
51 74 15 0
14 21 14 9
18 80 8 0
26 91 9 0
42 43 17 9
66 55 4 9
46 69 7 4
93 16 14 4
34 79 16 4
53 97 12 4
68 69 12 0
51 55 14 4
71 64 16 9
30 73 17 4
97 30 8 9
83 98 5 0
40 59 4 9
67 98 10 4
97 10 6 4
19 79 12 25
7 64 9 1
73 96 11 9
80 96 8 0
54 4 14 9
63 16 5 4
65 48 15 9
49 80 11 9
6 92 8 9
86 59 9 1
66 62 7 1
84 16 8 1
21 79 12 1
54 68 9 16
63 54 10 16
88 4 17 4
53 68 11 4
79 13 9 16
10 43 14 4
36 39 17 4
81 14 7 25
15 51 14 1
73 15 12 16
97 21 13 16
83 77 14 9
62 57 11 16
8 83 5 9
51 56 2 9
1 94 15 4
73 7 9 25
3 26 22 9
16 50 13 25
44 58 9 9
52 98 8 16
68 17 12 0
70 5 4 4
11 23 7 1
56 30 7 1
64 63 15 16
48 70 12 9
69 37 9 4
32 36 10 16
41 19 10 4
61 73 13 9
69 23 15 1
11 45 15 1
77 19 7 4
77 33 14 9
46 48 10 1
97 20 14 9
15 39 7 16
37 48 13 9
19 42 11 4
30 29 11 1
21 15 17 9
37 11 4 16
80 30 10 16
24 73 13 4
53 96 7 0
18 14 8 1
83 34 14 1
41 96 20 16
9 83 11 1
93 61 8 25
89 89 9 9
38 15 7 1
5 11 16 25
68 14 11 25
69 50 14 9
79 8 11 9
34 57 16 16
68 14 5 16
75 68 12 16
69 19 9 1
63 100 15 1
24 28 13 4
21 34 1002 2805 0.360418527573347 500 1 1.2815515655446
18 65 8081 1311 0.327901837620884 250 5 1.2815515655446
45 87 980 3112 0.16580887888791 250 7 1.2815515655446
80 76 4884 2092 0.231765910154209 500 5 1.2815515655446
58 92 5290 2962 0.307550089326687 250 1 1.2815515655446
3 3 4538 2924 0.426738647711463 250 7 1.2815515655446
97 38 979 1914 0.127609688306693 250 6 1.2815515655446
26 65 7990 2682 0.159401090950705 100 3 1.2815515655446
86 36 1033 2856 0.34413601500215 500 7 1.2815515655446
15 64 995 1772 0.325221294059884 500 2 1.2815515655446
41 80 4803 1308 0.444118734197691 250 4 1.2815515655446
23 13 5450 2994 0.0704446222283877 250 5 1.2815515655446
22 42 7838 2487 0.224967910363339 100 5 1.2815515655446
61 67 5363 1378 0.184202310598921 250 6 1.2815515655446
23 94 1004 2900 0.312361299071927 100 6 1.2815515655446
2 92 8067 1386 0.0350235582375899 100 1 1.2815515655446
91 55 7778 1219 0.111350155682303 100 1 1.2815515655446
86 16 8207 3198 0.0548566428641789 100 5 1.2815515655446
80 8 1012 1114 0.311499397098087 250 1 1.2815515655446
22 68 993 3063 0.0961445625848137 250 6 1.2815515655446
59 8 1011 2965 0.490786522799172 100 2 1.2815515655446
66 10 1032 1640 0.0428530913521536 250 4 1.2815515655446
50 63 4974 3010 0.283202676682267 250 5 1.2815515655446
83 55 1012 1700 0.0788984309486114 100 3 1.2815515655446
14 59 1008 2678 0.0491192996571772 250 3 1.2815515655446
9 53 4991 2440 0.169590925134253 500 3 1.2815515655446
70 27 1019 2796 0.143272801819257 100 7 1.2815515655446
23 17 7919 1218 0.213017614579294 250 7 1.2815515655446
63 71 4557 2945 0.404329385487363 250 3 1.2815515655446
44 68 7651 1727 0.171092177408282 500 7 1.2815515655446
77 48 5090 3119 0.348637948932592 500 5 1.2815515655446
72 30 5042 1097 0.425997620043345 100 5 1.2815515655446
14 65 8042 2116 0.150581392487511 250 5 1.2815515655446
82 21 948 3120 0.338872536625713 500 6 1.2815515655446
97 19 1007 2283 0.341283812674228 500 5 1.2815515655446
82 28 1009 2439 0.449466653668787 100 4 1.2815515655446
88 43 8407 2894 0.356565315672196 250 1 1.2815515655446
24 5 4948 1597 0.172075287122279 100 6 1.2815515655446
80 43 8195 1231 0.246281258184463 100 5 1.2815515655446
65 85 949 2961 0.11540721377125 500 7 1.2815515655446
53 49 981 2905 0.278950067996047 500 4 1.2815515655446
27 71 7772 1762 0.0399212420755066 100 5 1.2815515655446
65 42 990 2957 0.45245374757098 500 4 1.2815515655446
3 58 4832 1907 0.238646152801812 100 6 1.2815515655446
84 30 7969 2745 0.11214661356993 500 2 1.2815515655446
77 4 8314 2960 0.378121103595477 100 1 1.2815515655446
99 41 5130 2325 0.253174605232198 100 3 1.2815515655446
20 68 4950 1993 0.294318134272471 500 1 1.2815515655446
96 56 4839 2798 0.0778026189724915 100 1 1.2815515655446
42 32 8418 3032 0.212991589731537 500 4 1.2815515655446
5000 18 65
5000 10 55
1000 13 45
350 19 45
5000 11 30
5000 16 55
1000 10 50
350 15 55
5000 17 35
5000 16 30
350 19 35
350 13 35
1000 15 25
350 19 40
1000 12 45
350 14 35
350 10 60
1000 17 75
350 11 65
5000 19 75
350 16 40
1000 16 70
350 17 45
350 14 45
5000 16 30
1000 16 55
1000 14 35
1000 17 30
350 14 30
350 19 65
350 19 35
350 19 40
1000 19 70
1000 13 50
350 15 75
1000 11 45
350 14 40
5000 12 40
1000 19 35
5000 14 25
5000 17 75
350 11 35
1000 18 35
1000 17 65
1000 18 45
1000 18 65
1000 20 40
5000 17 70
350 11 50
350 19 35
