300 50 50
66 56 17 16
96 93 12 0
7 47 15 9
74 60 16 16
26 46 15 4
58 45 12 1
54 64 11 9
73 94 17 9
25 95 11 4
37 72 17 16
23 87 10 1
9 95 9 9
65 37 8 25
43 7 12 4
59 54 10 0
14 7 13 4
30 84 13 4
59 61 6 16
7 72 6 1
66 2 10 1
3 46 12 1
71 45 5 1
47 74 14 25
80 7 11 0
3 21 14 25
96 2 15 16
84 19 13 0
13 19 13 16
63 9 5 0
15 99 5 9
92 6 11 16
64 49 10 16
76 30 3 4
31 56 17 9
60 92 3 1
48 70 14 16
93 36 7 9
66 70 5 9
23 23 8 16
29 74 15 9
98 11 7 1
59 13 10 1
90 61 14 16
86 34 11 9
88 71 11 9
9 14 8 9
79 16 13 1
16 75 15 25
49 80 11 0
46 23 15 0
7 15 13 1
47 60 12 1
15 50 14 1
71 57 9 9
12 56 7 4
8 62 19 25
78 78 12 9
17 73 6 16
17 68 10 0
17 55 10 4
95 77 16 1
79 72 7 1
67 44 9 4
92 25 13 1
64 18 11 9
93 63 11 0
65 78 8 16
14 38 7 25
18 97 9 1
67 61 13 16
52 48 5 9
74 59 11 4
80 60 13 9
11 47 3 16
21 79 17 4
79 11 14 4
11 97 8 1
9 86 10 16
13 7 9 1
47 62 19 25
97 94 9 9
46 24 8 9
91 54 13 4
67 11 10 9
10 63 9 9
25 8 16 25
38 37 10 0
10 88 9 0
3 18 10 1
53 48 8 4
56 50 9 25
34 90 12 4
41 64 11 25
80 55 11 16
50 29 10 0
39 62 12 25
6 89 9 9
24 15 10 25
87 39 7 0
76 8 13 0
89 62 10 1
55 82 7 4
51 34 12 1
76 80 13 1
21 6 12 25
15 70 16 9
96 76 4 1
79 57 12 16
66 91 11 9
33 87 5 4
25 76 3 16
73 40 12 4
33 69 8 4
97 89 16 16
39 71 15 1
64 6 1 25
22 88 5 25
73 51 14 16
44 88 18 16
16 11 11 1
94 96 14 1
67 12 6 16
42 95 10 1
22 53 9 9
30 32 9 25
91 53 4 25
18 84 12 9
34 71 10 0
98 27 8 0
9 40 15 16
73 79 7 1
23 91 14 4
31 18 5 25
88 19 14 4
36 13 14 1
90 30 11 16
51 36 8 16
36 73 8 25
71 98 7 25
95 14 7 1
86 31 2 25
52 81 12 0
71 63 10 0
51 6 6 4
55 61 12 1
81 52 10 4
28 53 14 25
83 53 13 4
26 99 11 1
63 50 13 4
74 29 6 0
94 23 11 9
50 33 8 4
23 11 10 1
31 60 12 25
46 83 15 0
71 84 9 1
34 19 9 4
44 56 9 25
67 72 3 16
18 63 1 16
57 8 7 16
14 98 15 0
17 62 14 4
91 59 6 1
96 21 11 25
74 39 8 1
92 94 6 0
64 62 13 4
55 70 4 25
7 82 10 9
22 76 10 4
67 32 15 9
40 66 14 9
93 100 10 0
91 9 14 4
61 55 11 1
91 52 9 0
45 91 8 1
83 7 5 16
57 36 6 4
81 72 10 1
39 31 11 4
55 46 12 16
86 83 8 16
99 91 12 9
35 26 16 16
29 59 7 9
20 56 8 4
34 34 15 25
59 70 10 4
23 84 9 1
81 10 4 4
93 77 12 16
58 62 21 25
74 75 13 9
2 8 17 1
10 71 6 25
98 46 11 25
57 43 15 4
31 1 13 16
53 76 9 0
98 3 8 1
2 85 10 9
92 80 15 9
47 23 15 1
7 84 7 1
76 75 13 1
75 39 13 1
18 1 15 4
28 21 7 16
66 98 11 1
100 22 3 9
47 83 13 16
36 8 13 9
85 50 7 9
99 26 5 16
26 93 13 16
66 9 13 0
79 87 10 4
47 92 13 9
14 91 5 25
51 69 16 9
95 37 14 16
89 80 11 9
9 50 9 1
27 65 8 0
89 90 6 4
92 80 11 1
22 55 11 1
50 92 6 25
78 10 18 25
47 8 11 9
74 43 18 9
7 11 9 4
59 60 10 4
48 45 12 25
48 96 8 4
57 42 11 1
20 12 7 4
59 57 5 1
44 81 11 16
17 7 6 4
10 99 7 9
26 91 5 4
95 33 8 4
95 34 11 16
60 69 16 16
28 43 10 4
53 8 6 9
56 19 9 9
93 65 8 16
97 75 13 0
75 50 8 1
43 14 9 1
92 85 7 25
80 45 11 1
83 73 13 9
78 3 16 4
22 25 11 1
7 76 12 4
30 25 6 1
56 70 12 4
32 82 9 16
19 23 10 25
70 95 13 1
85 17 9 4
11 49 6 4
81 92 12 4
5 6 7 0
96 34 8 16
42 3 11 4
69 80 0 16
20 16 6 4
80 91 10 1
3 84 13 1
8 29 11 1
73 33 5 0
6 75 14 1
81 21 14 1
56 54 5 4
23 73 11 16
4 70 12 9
34 43 11 0
59 32 10 16
65 16 11 1
31 6 16 1
57 55 7 1
58 75 14 4
94 60 1 25
19 22 13 9
40 89 15 16
62 6 9 4
66 94 3 4
55 94 22 25
6 6 12 9
16 39 11 16
12 66 15 16
99 4 8 16
95 80 10 9
79 23 1004 1674 0.281288525224663 250 1 0.2533471031358
79 82 998 1711 0.38135026072152 500 4 0.2533471031358
50 4 1006 2545 0.41714242673479 100 3 0.2533471031358
39 19 5249 2219 0.0699504557601176 100 6 0.2533471031358
7 49 7738 1729 0.485633919744287 100 6 0.2533471031358
74 58 5018 2939 0.0683656668337062 500 7 0.2533471031358
49 76 1023 1167 0.331523640004452 500 7 0.2533471031358
65 29 7787 2108 0.147028907807544 100 2 0.2533471031358
79 50 7916 1053 0.0477614646800794 100 4 0.2533471031358
89 55 5147 1680 0.422351762340404 100 7 0.2533471031358
6 67 1018 2945 0.151391837331466 100 6 0.2533471031358
40 74 8732 2493 0.237712101065554 250 3 0.2533471031358
100 32 1007 1685 0.418969390722923 500 3 0.2533471031358
45 99 7848 2182 0.411237003135029 250 3 0.2533471031358
20 29 7675 2209 0.447888231731486 100 1 0.2533471031358
2 45 988 1958 0.430655743440147 250 6 0.2533471031358
72 34 5092 2548 0.256013322779909 100 2 0.2533471031358
32 6 5100 1555 0.216371574234217 500 2 0.2533471031358
97 82 8271 1488 0.106386840741616 100 5 0.2533471031358
62 34 5024 2216 0.193079004792962 100 7 0.2533471031358
27 8 8080 1355 0.271598583126906 100 6 0.2533471031358
33 60 8444 1103 0.433358673397452 100 2 0.2533471031358
79 15 1002 1646 0.458526834195945 100 7 0.2533471031358
78 22 5266 2621 0.232583246158902 500 1 0.2533471031358
56 65 4878 2694 0.351929436849896 500 7 0.2533471031358
61 96 4926 1281 0.45167601760244 100 3 0.2533471031358
70 79 8111 1098 0.187148055785801 250 6 0.2533471031358
43 66 1014 1578 0.325168296806514 100 1 0.2533471031358
45 92 5061 3106 0.465572325834073 250 2 0.2533471031358
49 42 996 3081 0.484890656413045 100 3 0.2533471031358
40 71 1031 1137 0.164197319236118 100 6 0.2533471031358
19 27 1002 2327 0.262920434859116 100 2 0.2533471031358
11 55 1021 1862 0.0966980338748544 100 4 0.2533471031358
82 43 5048 2631 0.244091063831002 500 3 0.2533471031358
55 1 8315 2078 0.20454998151632 250 2 0.2533471031358
48 84 7582 3013 0.129877894718666 500 7 0.2533471031358
82 87 4934 1927 0.21228290618863 500 7 0.2533471031358
96 55 7776 2107 0.471434264418203 100 4 0.2533471031358
22 72 7343 2517 0.44905498809414 100 1 0.2533471031358
82 72 1004 2948 0.26926010412164 500 4 0.2533471031358
78 14 1001 1230 0.309216082396451 100 4 0.2533471031358
61 56 991 2263 0.0827687193546444 100 1 0.2533471031358
64 46 4868 3067 0.279095315625891 500 2 0.2533471031358
45 23 5109 1118 0.378970356399659 500 5 0.2533471031358
15 8 5127 1267 0.175910671169404 500 4 0.2533471031358
95 77 7661 2603 0.418581352594774 500 5 0.2533471031358
71 15 988 1245 0.155549259732943 250 1 0.2533471031358
13 81 4824 1499 0.15606596295489 100 3 0.2533471031358
91 92 989 1595 0.349434305159375 500 2 0.2533471031358
62 32 8097 2473 0.437334177275188 250 3 0.2533471031358
5000 12 55
1000 10 40
1000 20 60
350 11 30
1000 15 25
1000 19 45
5000 18 75
350 13 25
350 19 65
1000 11 25
1000 20 45
1000 10 30
5000 13 70
5000 14 75
5000 16 55
1000 15 30
350 16 45
1000 15 60
1000 14 40
1000 19 60
5000 19 45
350 19 45
5000 17 55
5000 16 40
5000 10 40
1000 13 35
1000 17 75
5000 14 45
5000 12 25
5000 14 75
5000 15 50
350 11 45
350 17 60
1000 12 40
350 11 70
5000 20 35
350 14 65
350 18 40
1000 11 70
5000 14 70
350 14 45
5000 19 75
1000 11 40
5000 13 65
350 15 70
350 12 50
350 17 25
1000 16 70
1000 18 45
5000 14 40
