500 50 50
34 75 7 1
70 76 9 1
83 41 12 25
28 55 11 4
25 91 13 25
87 27 11 16
38 42 13 4
6 13 8 9
94 93 7 9
72 23 10 1
38 16 8 0
84 81 11 16
96 30 11 9
86 35 6 0
18 80 11 16
5 56 9 1
83 44 7 9
14 68 13 4
32 13 7 4
17 37 13 0
87 5 13 1
67 3 6 25
72 29 6 16
11 14 12 4
63 84 8 1
22 14 11 16
40 60 8 1
97 12 9 1
64 48 11 0
53 87 6 4
97 61 17 9
47 66 4 16
63 68 12 4
35 42 7 4
21 84 8 1
23 62 14 16
18 18 6 4
80 6 5 16
66 2 12 4
31 95 5 1
42 61 10 9
71 68 6 1
2 65 6 9
40 28 10 1
77 81 6 1
82 98 11 25
83 60 19 9
76 87 13 4
38 37 8 4
99 45 9 1
40 93 10 4
51 99 11 0
26 65 8 0
92 57 10 9
58 38 0 25
12 97 8 16
23 95 3 9
68 6 8 9
88 66 6 0
78 47 13 4
39 3 14 9
18 30 9 16
13 53 10 1
61 5 10 16
6 90 12 4
80 41 17 9
22 47 7 1
25 93 8 16
33 50 5 4
54 73 10 25
16 25 14 4
13 92 9 4
70 93 16 9
36 20 8 1
99 99 12 1
24 54 3 9
54 13 7 0
80 3 6 16
69 33 8 4
17 91 8 9
13 22 15 9
15 20 10 1
94 34 20 25
11 31 7 1
46 14 9 0
26 52 12 16
96 64 18 16
91 92 9 4
46 10 8 9
60 10 13 1
20 41 7 9
42 65 10 9
21 80 21 16
54 88 11 25
42 64 7 16
81 73 12 16
63 63 10 16
39 14 8 16
34 93 4 1
77 18 16 1
32 18 15 1
21 70 15 16
66 2 8 0
54 20 10 1
89 19 5 9
64 6 8 16
58 22 0 16
73 94 13 4
34 29 6 1
57 12 16 4
64 29 6 1
82 82 10 4
44 97 15 16
13 27 3 16
69 25 11 16
55 72 21 25
31 20 8 1
17 99 6 0
5 18 17 1
18 19 2 9
60 76 3 25
55 35 11 25
33 42 7 1
87 96 0 16
92 61 7 16
51 22 9 4
27 29 9 4
12 26 4 9
75 62 13 25
73 87 6 0
51 92 6 16
63 42 11 4
39 12 8 25
33 5 6 4
88 77 13 16
8 32 13 0
82 18 4 25
47 66 8 4
74 73 1 4
58 41 9 9
33 51 5 25
36 54 18 9
8 54 8 9
85 53 9 4
33 69 13 0
56 33 4 9
42 82 13 1
26 53 6 4
46 80 11 16
100 18 7 4
83 64 13 1
82 29 7 16
33 70 8 25
17 4 7 25
54 6 6 1
24 92 7 1
11 30 12 1
31 42 6 9
6 31 17 16
47 45 2 9
87 79 12 4
60 76 15 1
91 40 13 9
12 33 11 16
54 91 6 0
92 70 6 1
2 52 5 9
69 19 8 16
72 5 10 1
60 59 9 4
70 55 7 1
76 23 6 1
39 22 0 16
69 17 13 9
45 81 10 16
25 11 14 16
63 48 8 9
94 19 8 1
17 81 13 16
73 96 13 1
78 33 7 16
39 88 12 4
55 27 15 25
78 11 14 4
82 77 13 1
98 14 7 25
15 47 13 0
17 89 5 4
7 7 12 1
77 68 5 1
12 23 11 4
42 78 12 0
56 81 10 9
9 38 5 25
72 42 11 16
61 88 14 1
65 33 10 4
36 3 10 4
32 69 19 16
89 65 8 4
42 11 6 4
80 51 14 0
22 80 21 9
36 78 4 25
5 1 10 0
37 31 15 1
73 27 7 16
35 31 11 16
66 97 7 9
85 67 10 16
76 14 11 4
79 3 6 0
52 45 7 4
93 10 7 4
81 82 8 4
28 72 7 25
84 10 15 4
36 61 8 4
38 14 6 1
60 61 5 1
27 92 16 1
35 99 15 9
50 30 15 4
16 84 6 16
93 98 7 4
71 68 9 0
99 27 16 16
32 35 15 9
18 45 8 0
61 73 8 25
98 69 8 9
4 88 13 4
94 85 8 4
13 5 10 4
77 70 13 0
95 17 13 25
94 20 5 1
93 46 3 9
39 95 7 9
81 30 15 1
15 27 7 9
61 32 6 9
81 94 12 4
65 16 10 9
27 34 9 9
5 62 13 1
6 50 12 0
84 34 12 1
3 56 15 25
83 31 6 0
49 59 12 1
31 60 13 4
35 60 13 4
28 86 9 16
66 23 13 1
10 56 6 0
67 81 10 9
84 29 9 1
62 50 13 0
4 92 5 1
70 11 8 9
59 24 10 25
92 70 11 4
27 91 8 1
52 59 10 4
95 51 8 25
17 40 13 4
10 28 9 16
6 61 3 25
52 67 14 4
92 97 7 16
27 22 6 4
45 75 5 25
98 5 5 1
6 29 15 9
66 92 11 0
48 42 11 9
81 22 6 4
27 39 17 9
69 79 6 1
23 84 11 16
62 16 10 9
88 41 14 4
89 25 15 16
12 39 12 25
92 11 13 9
9 31 4 1
98 61 10 9
3 34 8 1
33 12 19 9
56 4 10 4
11 5 14 4
96 12 10 16
90 26 8 1
68 25 16 9
16 56 13 9
78 75 7 4
44 59 9 9
61 31 16 1
7 12 13 0
9 9 12 1
14 27 10 0
33 55 4 4
68 50 11 1
32 62 9 16
58 49 4 25
7 36 15 16
74 83 8 4
58 70 9 16
77 94 7 0
39 17 8 4
95 58 9 1
88 85 7 4
43 57 11 9
46 40 8 16
13 60 13 9
35 63 17 25
30 59 11 4
19 47 4 9
23 9 11 25
53 45 8 16
18 4 11 16
17 78 14 0
28 69 8 1
62 78 9 25
74 2 12 4
90 90 5 16
78 78 9 4
95 73 12 4
35 63 17 9
13 89 13 0
2 93 14 1
8 41 10 4
65 52 12 4
35 52 8 1
61 8 9 25
59 90 9 25
51 33 7 9
39 26 11 4
45 15 11 9
66 11 18 25
76 41 11 9
2 23 8 9
68 72 13 4
23 66 3 25
70 66 15 9
65 46 6 1
65 51 9 9
28 7 16 16
65 75 15 4
82 94 12 4
96 53 17 16
44 26 9 4
8 82 12 1
38 81 13 16
96 91 9 4
84 65 7 1
90 64 9 16
10 72 7 1
35 86 5 0
89 99 17 1
1 67 13 1
28 77 4 25
90 42 8 1
39 7 17 25
12 85 15 1
71 63 8 16
61 7 10 16
47 8 16 16
89 3 7 16
42 20 6 4
50 22 11 1
8 35 17 4
82 85 15 25
8 20 15 9
2 94 17 16
82 59 9 1
71 82 5 4
23 30 9 1
65 24 11 4
83 43 9 16
11 37 5 9
72 50 12 16
11 88 15 4
20 51 6 4
97 15 9 4
59 77 8 16
42 85 18 16
92 58 14 9
99 90 12 16
87 42 11 16
17 5 11 16
93 55 4 25
1 59 12 25
82 50 6 1
68 12 15 9
20 58 17 16
80 59 15 16
51 77 12 0
91 23 8 0
39 58 8 9
75 28 16 1
5 28 15 9
16 74 9 16
93 37 7 4
69 41 9 9
93 88 13 9
58 34 6 9
1 95 6 0
44 91 14 9
93 15 1 25
34 42 9 1
71 39 4 9
2 63 0 25
93 74 1 16
75 73 5 16
66 22 8 9
13 52 4 16
82 11 8 4
67 29 12 16
85 28 10 9
15 9 5 9
55 77 2 9
56 97 1 9
20 26 16 16
53 22 10 25
72 66 0 16
76 3 3 25
73 31 8 9
44 90 9 4
65 98 13 0
97 47 12 25
93 2 12 1
82 49 7 1
6 59 8 1
4 49 10 9
11 24 10 4
40 70 16 4
86 5 16 4
77 96 11 4
10 52 6 1
2 84 10 4
45 16 16 4
45 51 11 16
1 60 6 16
85 10 4 9
96 28 12 0
67 77 2 16
6 26 7 9
65 40 9 16
35 64 11 1
14 41 7 25
8 49 11 16
49 46 11 16
48 5 7 0
64 83 11 25
31 4 9 1
74 71 7 16
61 67 15 0
36 37 9 1
35 18 8 1
26 64 0 9
87 20 6 0
37 58 13 1
86 48 9 16
33 38 10 0
37 69 13 4
55 80 12 25
83 29 5 4
79 44 6 4
12 58 6 16
4 54 9 16
9 12 6 1
76 26 9 1
28 59 10 1
91 59 9 25
41 12 13 1
23 13 13 4
29 5 11 1
59 7 15 4
94 90 10 16
44 93 9 16
12 66 9 0
68 3 19 16
69 59 13 4
15 7 12 9
5 50 9 25
96 66 15 4
53 91 16 9
49 38 7 4
35 55 11 4
63 29 14 4
22 37 12 0
39 13 9 4
29 53 13 9
100 33 16 25
82 88 8 1
55 35 12 16
12 26 11 1
44 89 6 9
29 76 5010 1798 0.206943625153508 250 1 0.841621233572914
38 52 8272 2739 0.493524186294526 500 2 0.841621233572914
56 34 1032 2099 0.0546861195471138 250 6 0.841621233572914
86 34 1045 2972 0.405176656397525 100 3 0.841621233572914
42 3 8476 2715 0.338248931171838 250 2 0.841621233572914
38 60 5200 2494 0.207499699573964 250 6 0.841621233572914
27 75 1007 2665 0.122369290334173 250 3 0.841621233572914
64 28 992 2748 0.403920734501444 250 2 0.841621233572914
84 97 1018 2944 0.296919435667805 500 5 0.841621233572914
65 76 5077 3135 0.330580027115066 500 2 0.841621233572914
44 56 1024 2113 0.0768697240250185 250 6 0.841621233572914
44 86 976 3613 0.341072835235391 250 7 0.841621233572914
56 21 4970 2297 0.317712111007422 500 5 0.841621233572914
79 4 1011 2843 0.439298207438551 250 4 0.841621233572914
56 65 979 3159 0.0469361909222789 500 7 0.841621233572914
56 61 8177 3807 0.0761898262589239 500 6 0.841621233572914
56 59 7934 3821 0.267973708703648 500 6 0.841621233572914
25 14 4796 4354 0.176829760049004 500 6 0.841621233572914
13 15 4834 2807 0.10964439440053 100 5 0.841621233572914
17 24 7483 3523 0.3657237851643 500 6 0.841621233572914
62 33 7441 3475 0.432894853402395 250 6 0.841621233572914
18 26 1014 2053 0.33565491477726 500 2 0.841621233572914
35 44 962 2740 0.319327400156762 100 4 0.841621233572914
69 46 5195 2547 0.0791684588929638 500 2 0.841621233572914
50 15 8095 4008 0.190276325959712 250 2 0.841621233572914
53 86 8035 4239 0.0630861865589395 500 4 0.841621233572914
76 93 1010 4790 0.276645286004059 250 1 0.841621233572914
69 8 5275 2718 0.190032290362287 250 7 0.841621233572914
22 31 1004 2205 0.175863325668033 100 6 0.841621233572914
80 75 4614 2282 0.38990268483758 500 5 0.841621233572914
59 6 7840 3427 0.0927875383314676 250 1 0.841621233572914
44 48 978 2175 0.367405361998826 100 7 0.841621233572914
74 94 4980 2078 0.20869430892868 500 5 0.841621233572914
51 65 7641 1801 0.306578599589411 100 6 0.841621233572914
17 79 5282 4565 0.31125047816895 250 7 0.841621233572914
98 99 8045 1706 0.263305661720224 500 6 0.841621233572914
56 44 5156 1839 0.241786440622527 500 7 0.841621233572914
53 9 7929 1959 0.185217488126364 250 5 0.841621233572914
77 62 1021 3969 0.171778408896644 100 5 0.841621233572914
89 46 5307 4329 0.381342850422952 500 3 0.841621233572914
62 80 7948 2103 0.0911873188428581 100 1 0.841621233572914
69 24 987 2865 0.343647803845815 250 5 0.841621233572914
97 65 4962 3384 0.47934463191079 500 2 0.841621233572914
7 88 5259 1880 0.221236130534671 500 5 0.841621233572914
63 4 7988 2167 0.474901586747728 500 6 0.841621233572914
49 18 8098 2654 0.0330400675185956 250 7 0.841621233572914
96 91 8147 1757 0.227356989986729 500 5 0.841621233572914
20 51 8403 4535 0.449256074775476 250 7 0.841621233572914
52 82 999 1879 0.273406423714478 500 6 0.841621233572914
10 98 8090 2239 0.439209153195843 100 4 0.841621233572914
5000 14 30
1000 19 40
1000 14 75
350 16 35
1000 18 60
1000 13 70
1000 15 40
5000 17 35
350 15 65
350 14 55
350 18 30
1000 16 55
1000 11 50
5000 14 35
5000 14 30
5000 11 65
350 12 40
1000 14 45
350 14 70
350 17 70
5000 16 35
1000 11 70
350 16 65
5000 18 35
1000 17 30
5000 11 55
5000 18 60
1000 11 70
1000 18 25
5000 16 40
350 13 75
5000 15 70
350 15 65
5000 16 35
350 16 40
5000 16 65
1000 15 35
1000 12 30
350 12 70
350 10 60
350 18 75
350 15 75
350 12 40
350 14 75
350 19 35
350 14 60
5000 15 60
1000 12 40
1000 14 55
1000 18 35
