500 50 50
55 5 8 1
69 66 11 9
76 44 6 4
12 11 14 25
16 55 11 1
42 99 9 4
57 88 12 1
17 81 8 9
15 82 14 4
75 27 9 16
90 80 8 9
47 74 10 1
53 88 21 25
32 61 0 25
72 27 6 9
60 61 12 1
79 94 7 4
21 95 5 1
54 27 7 9
32 63 14 4
17 33 15 16
6 30 3 9
13 36 11 4
88 71 15 4
40 14 7 25
53 80 7 25
42 23 5 9
94 35 8 25
59 77 15 4
44 70 9 1
82 32 15 9
31 6 15 4
15 78 9 1
76 27 5 4
34 66 19 25
9 39 8 0
84 66 14 25
3 35 14 1
27 92 8 1
9 18 14 16
73 37 13 9
43 20 8 1
87 92 3 9
21 74 9 16
25 55 0 9
81 67 8 16
72 49 11 0
86 8 11 0
85 38 14 4
31 22 12 16
12 92 5 1
56 75 18 16
16 32 13 16
74 12 9 1
84 73 3 16
83 29 12 16
67 44 14 16
79 66 12 4
24 38 7 9
76 73 6 4
42 21 13 1
74 57 8 25
17 40 18 16
59 7 7 9
80 31 3 16
46 81 9 4
61 18 10 16
53 65 19 25
10 95 9 16
89 62 13 4
4 63 7 9
10 18 13 16
66 55 10 4
45 7 10 1
71 66 24 25
4 64 7 1
90 56 7 9
28 89 3 9
5 57 7 16
1 3 6 4
6 3 12 1
70 82 16 16
19 83 12 4
42 93 8 16
77 11 14 16
98 55 3 25
19 41 12 4
85 13 6 9
69 26 10 4
12 67 9 0
43 16 15 4
6 79 10 4
28 22 11 16
41 81 5 4
31 92 22 25
66 79 4 16
89 90 14 1
7 85 11 1
69 5 15 4
14 90 7 16
30 30 12 4
24 40 13 0
41 44 15 4
91 92 14 4
85 77 12 9
62 90 4 16
50 81 9 0
52 88 7 25
15 60 10 4
34 6 7 25
32 38 10 16
81 91 11 16
18 87 17 16
51 98 19 16
36 28 14 1
44 56 10 1
52 71 11 1
50 21 11 1
19 37 13 9
57 83 8 1
64 75 6 16
57 71 4 9
2 96 12 9
83 25 13 16
55 80 8 4
59 3 9 4
58 99 8 1
38 91 8 9
11 11 10 0
29 19 10 16
23 67 10 4
50 35 6 0
90 59 8 9
15 18 10 16
47 96 7 9
58 11 8 0
83 43 8 16
40 59 11 16
66 24 14 25
89 61 14 1
27 42 12 9
98 70 12 16
96 36 12 16
72 35 13 0
53 95 6 1
76 94 10 9
46 83 8 0
98 90 18 16
28 95 5 1
74 59 13 16
12 43 14 9
53 33 11 9
34 11 8 1
39 59 14 4
66 45 13 16
20 23 11 4
8 61 5 16
55 89 10 4
41 63 11 4
50 1 8 25
61 69 12 4
99 60 4 9
17 13 13 16
53 86 5 4
58 12 7 25
86 89 8 4
78 79 17 9
54 34 8 4
1 2 8 4
56 89 9 1
21 75 18 16
90 23 5 16
24 31 10 4
98 30 5 25
98 19 13 1
45 73 10 16
49 14 8 1
65 69 10 25
79 45 7 1
12 55 10 0
44 52 9 1
78 10 6 9
66 6 9 9
18 64 17 25
44 47 10 1
16 61 10 0
71 8 8 9
42 73 14 16
95 62 12 4
59 3 4 1
91 55 6 1
15 70 11 1
5 55 5 4
2 88 10 25
62 13 11 4
91 40 4 4
10 70 12 9
79 42 6 9
91 91 7 4
24 4 13 1
55 86 4 1
49 23 3 4
77 46 16 4
39 2 17 16
95 9 1 16
48 36 6 1
28 26 8 9
47 39 18 16
4 76 8 9
51 74 15 4
36 62 11 4
41 75 19 25
80 25 9 0
37 86 17 9
72 89 13 0
54 36 12 16
86 86 14 0
17 64 5 25
23 20 14 9
20 98 8 4
12 88 14 16
26 98 6 9
21 92 13 9
57 23 10 4
51 58 3 4
25 18 6 0
9 64 9 16
49 22 6 1
41 66 15 1
28 48 5 4
26 44 7 4
86 64 9 9
24 2 15 25
26 35 24 16
70 10 8 4
61 9 7 1
4 74 15 9
29 94 7 16
48 14 7 16
97 48 5 1
72 23 10 9
32 69 12 25
67 80 10 1
48 60 9 1
60 37 9 1
5 26 11 0
56 37 6 0
27 20 10 9
56 96 10 4
92 11 16 16
86 61 12 25
53 12 14 9
45 45 7 25
8 97 11 16
21 52 5 9
51 66 9 9
27 88 13 4
95 24 3 16
3 65 16 25
93 76 7 25
60 6 10 4
3 97 2 25
68 66 2 25
62 72 5 25
25 3 9 16
40 70 10 9
49 32 7 9
42 17 10 16
17 99 5 1
85 91 8 9
89 41 9 16
2 12 7 25
33 20 11 4
72 18 13 9
87 57 9 1
49 47 15 1
83 60 9 9
28 44 3 9
3 85 3 25
96 97 12 16
5 2 11 1
28 78 5 1
86 58 7 16
3 63 8 4
22 98 7 4
10 37 13 9
84 15 11 16
54 57 9 1
31 67 5 4
35 60 16 4
59 58 8 16
78 87 10 0
75 87 14 9
41 44 12 16
44 33 7 1
51 41 12 9
65 31 12 25
19 82 13 16
67 21 13 1
34 38 4 16
4 82 17 16
31 6 12 16
59 1 9 16
31 94 16 1
54 96 14 1
78 52 19 25
9 84 7 1
24 89 9 1
2 5 5 16
14 4 2 16
31 48 2 9
22 46 13 4
53 37 7 0
77 60 6 4
51 51 14 1
70 84 7 9
9 83 6 4
8 97 12 16
12 70 2 16
12 91 16 4
74 24 5 25
85 98 10 1
8 63 2 16
88 74 9 0
35 29 15 25
7 20 9 9
68 34 15 16
63 54 6 16
94 3 11 0
60 36 13 1
66 13 14 4
13 74 14 4
25 15 13 4
56 77 7 9
11 6 10 9
55 18 8 1
83 10 2 25
49 4 9 1
8 89 15 25
1 93 12 1
94 31 12 16
16 97 11 1
38 72 12 1
99 94 15 0
62 11 10 0
68 75 5 1
89 92 3 16
34 72 12 9
23 82 8 16
84 46 9 0
24 13 9 0
43 94 10 0
40 77 13 25
38 52 6 0
39 79 8 9
12 22 9 1
24 15 13 9
94 54 7 4
13 64 12 0
100 37 9 1
3 26 10 16
27 24 13 16
29 36 8 0
12 44 6 0
56 25 2 16
41 13 12 25
42 82 8 0
8 7 15 16
91 12 27 25
86 20 12 9
2 34 7 4
30 96 6 25
74 83 15 1
60 32 13 16
20 23 7 4
48 73 10 9
49 23 14 16
77 2 18 25
89 90 16 16
69 10 3 16
15 40 10 16
61 62 6 1
47 38 5 16
23 78 14 4
22 83 14 1
45 22 3 1
42 94 12 4
75 15 5 16
27 76 14 1
29 33 5 16
16 27 11 4
84 75 10 9
33 39 5 9
68 39 14 1
15 67 9 16
15 18 3 16
47 89 1 16
31 26 0 9
65 95 2 9
29 40 10 4
8 2 5 0
87 40 12 9
11 4 11 4
36 7 2 25
7 7 12 1
54 65 6 16
52 75 6 4
10 61 13 1
81 47 18 16
77 9 11 1
93 1 12 1
87 59 6 4
13 54 7 4
40 76 3 16
42 83 10 9
32 54 8 4
32 5 7 1
78 78 6 1
8 56 10 4
83 19 6 1
75 42 6 1
78 74 12 4
14 24 2 25
6 40 10 0
43 3 10 9
19 17 7 0
73 41 15 9
62 6 17 16
53 88 16 9
79 83 8 0
100 35 6 1
26 1 1 16
55 52 16 16
79 65 11 0
39 32 7 16
3 75 7 1
35 24 7 0
20 7 4 25
94 40 15 0
62 54 10 9
50 82 14 9
34 41 8 9
87 84 6 9
77 47 14 1
70 47 6 1
79 32 14 16
6 94 4 1
59 36 3 9
7 79 16 9
35 93 12 16
84 56 12 1
26 64 5 9
29 35 9 16
66 38 7 16
98 94 10 4
21 57 9 4
69 43 12 1
45 75 8 0
76 74 10 16
28 4 14 16
28 59 10 9
95 82 10 1
7 65 5 4
71 2 12 16
63 90 11 0
33 2 9 1
24 68 3 16
42 76 9 1
37 55 13 4
84 88 14 16
71 77 14 4
25 59 13 4
39 40 7 1
72 97 13 16
97 35 19 16
13 65 0 16
25 45 6 1
63 28 7 0
82 77 14 9
84 28 9 9
56 32 18 25
28 26 9 1
6 60 13 4
14 52 10 16
14 3 12 4
75 32 17 16
7 79 10 0
79 54 10 9
22 26 8 9
31 70 10 9
8 77 14 9
99 19 4 4
78 81 12 16
63 89 11 16
85 94 14 0
51 39 11 16
33 46 13 16
74 14 7 1
72 58 6 0
58 50 9 0
43 34 4770 2348 0.475454694947693 500 6 0.2533471031358
18 22 5002 4521 0.0403070102888159 100 4 0.2533471031358
2 32 4878 2987 0.210581953388173 100 3 0.2533471031358
64 84 966 4225 0.278601125630084 250 7 0.2533471031358
88 69 993 1825 0.391906240605749 250 3 0.2533471031358
5 97 5093 4055 0.347984504981432 250 7 0.2533471031358
81 77 4537 4180 0.2122412295104 500 6 0.2533471031358
69 56 5304 2714 0.409214046888519 100 2 0.2533471031358
13 58 975 3311 0.136932608166244 250 3 0.2533471031358
86 3 978 4678 0.426907522021793 500 3 0.2533471031358
6 51 7788 3797 0.32326441101497 250 5 0.2533471031358
23 4 1024 2329 0.420849646988791 250 1 0.2533471031358
60 59 998 2243 0.209300373017322 250 2 0.2533471031358
20 43 8298 3661 0.4039241562807 250 2 0.2533471031358
19 32 5287 4241 0.43910414717393 100 6 0.2533471031358
64 18 7504 1646 0.0607679973728955 100 1 0.2533471031358
83 51 8281 3896 0.478576285489835 500 1 0.2533471031358
77 10 992 2768 0.12617738812929 100 6 0.2533471031358
6 65 4743 4747 0.189921958472114 500 5 0.2533471031358
13 50 999 2940 0.416850289362483 250 2 0.2533471031358
80 77 5267 4491 0.420702147609554 500 5 0.2533471031358
51 12 4881 4551 0.206755504661705 250 5 0.2533471031358
97 93 8547 4581 0.359536294634454 500 5 0.2533471031358
44 33 8476 3373 0.0846585566899739 500 3 0.2533471031358
34 82 5219 2073 0.340476026989054 100 3 0.2533471031358
51 73 976 2005 0.184131727442145 100 3 0.2533471031358
22 39 986 4807 0.0802609784365632 100 3 0.2533471031358
73 73 8141 2921 0.413021958870813 500 2 0.2533471031358
88 55 1022 2068 0.483138815630227 250 3 0.2533471031358
70 98 970 2970 0.416881655070465 100 3 0.2533471031358
37 82 1000 3630 0.394757098800037 250 6 0.2533471031358
32 10 8038 2347 0.155501372332219 100 3 0.2533471031358
92 8 984 2608 0.1995069303317 500 7 0.2533471031358
86 60 4842 3920 0.343241778204683 250 5 0.2533471031358
34 31 8300 4179 0.340139675138053 100 2 0.2533471031358
26 12 8642 3099 0.0876574599929154 500 3 0.2533471031358
99 97 1041 3714 0.480289886146784 500 2 0.2533471031358
65 53 5395 4249 0.379315908283461 500 2 0.2533471031358
43 37 7817 2793 0.197790606389754 500 2 0.2533471031358
71 55 4958 4846 0.164347932348028 100 1 0.2533471031358
23 1 991 2443 0.0421498925704509 250 4 0.2533471031358
48 66 7598 4298 0.264520130176097 500 5 0.2533471031358
86 43 8587 3632 0.17179881952703 500 5 0.2533471031358
73 15 5170 4886 0.278748856564052 500 6 0.2533471031358
94 13 993 4128 0.374010242407676 100 2 0.2533471031358
2 47 5067 1975 0.445489611965604 500 3 0.2533471031358
67 22 1018 2422 0.213109910259955 500 3 0.2533471031358
29 85 4850 3832 0.31574422582984 250 4 0.2533471031358
35 57 1015 2871 0.3662927171099 250 6 0.2533471031358
18 39 5351 1862 0.228767566150054 100 5 0.2533471031358
350 11 45
350 11 65
1000 18 55
5000 11 30
350 14 50
5000 12 40
350 16 55
350 13 30
1000 16 35
350 16 70
5000 16 30
1000 11 55
1000 19 25
350 16 70
350 19 50
1000 11 30
1000 12 55
350 17 35
5000 19 30
350 12 45
5000 13 45
350 17 75
350 11 50
350 12 70
5000 19 55
350 19 45
1000 12 55
350 16 45
5000 10 45
1000 10 45
5000 11 55
350 10 30
5000 18 55
1000 13 25
1000 10 70
1000 11 60
350 19 40
350 10 30
350 20 70
1000 18 35
1000 12 35
1000 13 60
5000 19 30
1000 10 75
1000 12 65
5000 13 45
1000 17 65
1000 12 65
350 11 75
1000 17 65
