50 20 20
73 39 7 1
40 32 12 0
51 85 12 9
55 14 7 16
90 93 11 1
50 84 14 9
87 65 14 0
56 16 11 0
16 51 7 1
49 7 9 0
63 8 4 9
25 81 5 1
88 87 13 25
24 40 13 4
87 55 16 16
100 79 15 9
17 57 10 1
2 48 12 1
6 58 5 9
65 32 9 1
64 84 10 16
32 41 14 16
34 58 10 1
16 94 12 16
39 1 7 0
95 68 12 4
77 78 7 9
51 37 6 16
71 89 1 9
92 64 9 0
35 66 21 25
10 51 17 25
89 45 14 1
92 78 12 9
90 21 10 9
36 54 8 16
28 25 17 16
61 27 15 4
67 13 11 4
88 40 9 1
34 40 9 1
55 73 17 4
23 19 6 4
34 18 10 1
63 38 12 1
82 99 12 16
40 40 13 4
93 46 10 0
32 67 6 4
79 30 15 1
16 25 999 389 0.468548652988393 100 4 0.2533471031358
82 20 4863 222 0.119530621045269 500 3 0.2533471031358
80 91 980 503 0.056981087711174 500 1 0.2533471031358
10 44 1021 436 0.332457865406759 500 7 0.2533471031358
21 42 985 306 0.162706293014344 250 3 0.2533471031358
29 65 8064 295 0.296255421505775 250 1 0.2533471031358
39 57 7503 356 0.276040022727102 250 5 0.2533471031358
25 18 4711 426 0.205030978145078 500 4 0.2533471031358
94 74 7921 247 0.306937951960135 500 5 0.2533471031358
77 98 5132 310 0.106717524754349 250 4 0.2533471031358
79 90 1006 292 0.180757881547324 100 6 0.2533471031358
32 99 993 335 0.476670919761527 500 1 0.2533471031358
88 53 7863 469 0.0800854403618723 250 4 0.2533471031358
81 56 975 298 0.22483959314879 250 4 0.2533471031358
57 47 8039 406 0.230951093565673 100 5 0.2533471031358
20 77 7761 221 0.481297953214962 250 3 0.2533471031358
30 45 4743 333 0.480578827494755 100 7 0.2533471031358
20 36 1005 511 0.23047728366917 500 2 0.2533471031358
82 43 995 334 0.446944794477895 250 3 0.2533471031358
54 26 991 239 0.446973987335805 100 3 0.2533471031358
5000 12 50
1000 19 65
5000 17 30
1000 20 70
1000 19 40
350 17 60
350 16 35
350 11 60
1000 15 25
1000 17 50
350 14 40
350 14 40
5000 17 35
5000 13 65
350 20 25
5000 18 45
5000 18 45
1000 19 65
1000 11 50
1000 19 45
