50 20 20
66 51 6 9
23 33 21 25
74 29 18 16
37 95 16 4
40 11 10 1
67 67 14 4
40 89 16 9
62 90 6 9
49 6 12 9
84 86 0 16
32 82 5 1
21 67 4 16
90 88 13 1
19 78 11 4
93 84 9 4
19 41 10 4
58 53 11 0
79 72 15 9
15 93 15 1
23 16 6 16
2 16 9 1
86 57 10 16
19 45 13 9
57 1 13 9
22 41 8 16
37 47 3 25
19 46 7 4
92 94 12 4
71 9 11 1
44 85 11 16
45 21 7 1
37 54 7 0
44 6 11 9
90 37 5 1
92 35 15 25
77 94 10 0
10 15 6 16
30 85 9 25
31 28 8 0
51 51 9 1
39 4 0 16
10 22 13 9
42 94 15 4
65 92 11 16
82 34 13 16
13 99 12 9
15 35 1 16
60 89 6 4
98 7 11 4
74 83 16 4
95 67 7905 496 0.263393128784373 500 3 0.524400512708041
27 97 7707 288 0.0532738453522325 100 5 0.524400512708041
59 50 5181 204 0.312578260493465 500 2 0.524400512708041
89 44 7992 229 0.133819934669882 250 6 0.524400512708041
38 79 8221 407 0.458747748681344 100 2 0.524400512708041
23 88 5183 348 0.397458053976297 100 6 0.524400512708041
18 13 1021 437 0.170768480198458 100 7 0.524400512708041
53 70 981 237 0.48453939182451 250 5 0.524400512708041
51 56 1020 197 0.491090555584524 500 2 0.524400512708041
76 5 5015 179 0.441328537981026 100 4 0.524400512708041
60 94 4722 222 0.0542461052606814 500 7 0.524400512708041
14 86 7848 211 0.160288069339003 100 2 0.524400512708041
91 50 1002 218 0.274888008062262 250 4 0.524400512708041
4 76 1001 392 0.284799764382187 250 1 0.524400512708041
88 75 5085 363 0.0594203144731 250 3 0.524400512708041
93 12 1026 291 0.209024854183663 250 1 0.524400512708041
25 50 5234 454 0.257484924776945 100 4 0.524400512708041
27 62 4990 303 0.420218415767886 250 3 0.524400512708041
41 79 1037 209 0.161452086986974 100 2 0.524400512708041
44 93 990 445 0.432814113025088 500 5 0.524400512708041
5000 14 25
350 16 50
350 11 40
350 13 65
1000 20 75
5000 15 45
1000 18 30
1000 13 60
5000 20 65
350 16 35
5000 19 60
350 18 65
5000 20 35
1000 17 60
5000 16 35
350 12 55
350 10 75
5000 13 25
5000 18 55
1000 17 30
