50 10 10
50 8 6 1
49 52 6 9
3 65 5 1
63 68 5 9
11 34 15 1
57 65 10 1
86 33 10 25
2 42 9 1
100 72 14 16
82 13 10 16
52 77 7 16
89 84 9 9
24 42 20 16
55 55 10 9
92 15 14 4
98 92 4 1
73 29 9 4
32 37 10 0
84 45 9 9
78 85 9 1
33 93 11 16
34 3 9 1
96 28 15 4
63 17 6 9
88 14 20 25
99 78 14 9
37 82 13 16
96 46 5 0
76 95 6 9
66 25 7 4
92 9 6 4
27 46 11 0
9 39 7 9
4 64 5 4
76 61 13 9
59 64 14 9
11 34 9 16
74 37 8 1
96 27 12 0
53 76 6 1
14 60 5 4
57 29 3 9
86 85 10 1
43 95 12 4
25 7 4 25
21 21 13 0
31 88 13 4
92 64 12 9
97 9 7 1
46 6 4 4
24 12 5270 229 0.384196589810308 500 4 1.2815515655446
18 26 8046 360 0.30217075556051 250 5 1.2815515655446
47 27 5096 423 0.198855825127102 100 5 1.2815515655446
73 81 7472 421 0.357152502906974 500 7 1.2815515655446
10 63 4808 205 0.281577202079352 500 6 1.2815515655446
9 74 947 193 0.112760449077468 250 1 1.2815515655446
66 97 1044 239 0.096979021821171 100 7 1.2815515655446
21 13 8224 320 0.061848029375542 500 7 1.2815515655446
48 67 976 325 0.0399815360386856 100 7 1.2815515655446
92 74 998 278 0.475996068597306 250 2 1.2815515655446
1000 16 55
1000 12 75
350 16 70
5000 11 40
1000 13 60
5000 18 45
350 11 55
350 19 40
350 20 65
1000 15 65
