50 10 10
18 78 3 9
15 34 7 1
96 97 6 1
29 65 4 16
58 91 6 4
11 28 8 9
6 12 8 9
76 13 7 9
16 44 14 1
60 44 10 25
7 28 12 16
91 9 7 4
23 25 17 16
15 20 4 9
59 74 11 9
7 69 3 25
85 83 13 16
1 38 10 16
91 3 8 25
82 43 10 9
5 80 14 16
46 87 9 4
88 84 6 16
28 97 10 1
18 77 16 16
19 66 8 9
28 86 6 4
17 10 8 1
60 11 6 16
62 21 6 4
44 22 15 16
51 74 10 1
2 85 12 1
57 65 10 9
78 19 15 1
80 45 9 0
61 77 18 16
53 76 13 0
55 19 15 25
75 29 11 16
93 60 15 4
67 33 12 1
15 84 13 9
37 84 15 16
75 33 13 9
55 27 10 16
20 4 7 9
98 81 0 25
64 52 10 4
2 99 9 9
73 78 996 261 0.402054958175868 500 6 1.2815515655446
88 98 7613 467 0.489553614554461 500 6 1.2815515655446
54 56 7834 254 0.409636768107302 500 4 1.2815515655446
89 20 1027 386 0.144705979737919 100 7 1.2815515655446
64 76 7678 187 0.283603508209344 100 4 1.2815515655446
43 46 8054 411 0.40344859090168 250 6 1.2815515655446
93 77 999 488 0.212753220112063 100 6 1.2815515655446
28 2 5001 329 0.376913991488982 500 1 1.2815515655446
20 62 4919 301 0.436250654442702 250 2 1.2815515655446
91 79 7497 175 0.244655501360539 500 1 1.2815515655446
5000 20 55
1000 14 55
1000 18 50
1000 10 70
350 13 65
1000 19 45
1000 11 60
350 15 65
5000 16 65
1000 18 40
