50 20 20
6 24 7 25
7 92 9 4
65 37 2 16
98 47 15 1
63 17 10 1
43 18 4 16
71 7 14 25
99 92 10 1
16 59 7 0
95 10 8 16
44 90 13 1
21 9 15 1
71 71 3 25
47 34 13 4
7 70 11 16
4 89 7 4
17 27 11 4
90 25 11 1
95 55 11 1
88 56 3 9
13 7 8 4
37 49 9 16
58 59 15 1
48 42 7 16
63 27 6 25
82 32 6 1
74 38 9 1
7 88 8 9
71 74 5 9
30 33 3 9
14 14 14 4
70 64 21 16
55 22 15 1
85 90 13 0
28 45 14 25
65 46 16 9
41 75 7 9
51 63 13 1
74 17 8 4
57 69 12 16
81 85 12 4
8 91 13 4
12 49 4 9
67 40 14 4
66 78 7 4
73 58 9 16
38 87 18 9
75 84 12 0
29 39 12 1
56 23 0 16
13 78 1010 427 0.0987527695856988 250 3 0.2533471031358
48 96 7767 350 0.223978540792596 100 7 0.2533471031358
61 80 8016 333 0.468127441580873 100 3 0.2533471031358
49 97 7613 493 0.214911912844982 250 2 0.2533471031358
79 61 5222 422 0.44156552647939 100 7 0.2533471031358
94 2 1030 171 0.330742627780419 100 1 0.2533471031358
75 62 4857 325 0.462607433609664 500 1 0.2533471031358
62 75 5190 490 0.105193883567117 250 5 0.2533471031358
3 81 8184 420 0.0942149355891161 100 4 0.2533471031358
7 20 4735 384 0.432504915015306 250 4 0.2533471031358
34 66 1006 187 0.204521707764361 500 4 0.2533471031358
53 49 7901 171 0.394407496240456 500 7 0.2533471031358
35 42 8314 322 0.425493159128819 500 1 0.2533471031358
4 46 4761 255 0.419217978406232 100 5 0.2533471031358
77 27 991 376 0.297970862453803 250 4 0.2533471031358
32 76 8085 166 0.0642973296437412 500 2 0.2533471031358
29 29 4927 489 0.348167413740884 100 4 0.2533471031358
10 71 4835 469 0.0712046010536142 500 1 0.2533471031358
17 75 4731 194 0.085360678457655 500 5 0.2533471031358
52 61 984 279 0.122543820773717 250 4 0.2533471031358
1000 10 55
1000 13 70
1000 12 30
1000 14 65
5000 13 50
1000 17 55
5000 11 50
5000 17 55
1000 14 30
5000 14 55
350 17 65
1000 19 70
1000 14 35
5000 12 40
350 15 40
350 11 60
350 17 30
5000 12 60
1000 19 35
1000 10 65
