50 20 20
68 57 10 0
31 74 9 0
78 38 11 25
87 81 8 1
97 82 9 0
36 12 19 9
19 23 14 1
48 94 11 16
33 95 6 0
14 69 19 16
58 21 14 0
14 20 14 0
20 62 14 9
33 26 9 16
16 51 8 4
50 89 4 4
77 96 6 0
85 28 8 9
97 99 1 16
57 2 17 16
55 83 10 4
25 6 11 1
86 49 11 1
61 39 15 0
16 28 16 4
50 57 10 25
39 18 15 25
8 65 5 9
83 27 1 25
13 90 6 16
21 4 3 16
71 95 7 0
76 91 14 0
49 62 6 4
20 62 6 1
2 84 8 4
50 19 13 4
98 54 12 0
77 48 7 25
38 11 10 1
66 19 14 9
57 19 8 4
71 55 2 16
38 92 5 0
84 36 12 0
7 29 4 4
87 5 5 16
21 16 6 16
27 80 10 4
35 73 7 1
19 97 988 434 0.499377701363992 500 7 0.524400512708041
83 26 4842 235 0.285185770497192 500 2 0.524400512708041
22 64 4866 371 0.390734401200898 500 7 0.524400512708041
84 7 5132 167 0.0868375140731223 250 3 0.524400512708041
100 92 968 265 0.0906489269528538 250 6 0.524400512708041
14 75 960 427 0.0580255105136894 100 6 0.524400512708041
39 29 5046 277 0.0908530060085468 250 1 0.524400512708041
19 18 7947 274 0.167869621342979 500 4 0.524400512708041
66 64 1017 271 0.376074434984475 500 7 0.524400512708041
75 59 8303 267 0.0475414531049319 250 2 0.524400512708041
85 42 5057 276 0.236689247104805 100 1 0.524400512708041
93 22 4812 265 0.470581658009905 500 5 0.524400512708041
23 85 1001 255 0.320657009531278 500 5 0.524400512708041
38 13 998 293 0.207347780957352 100 2 0.524400512708041
80 90 8294 369 0.324147281276528 100 5 0.524400512708041
49 60 1001 306 0.105545040694997 250 6 0.524400512708041
78 72 5214 294 0.472660920575727 100 4 0.524400512708041
72 9 4825 369 0.171922089483123 100 1 0.524400512708041
19 22 8045 436 0.164271644584369 250 2 0.524400512708041
81 44 5018 317 0.181707071885467 100 7 0.524400512708041
1000 19 70
350 18 35
5000 16 65
5000 11 55
1000 16 60
1000 20 65
350 18 45
5000 17 40
350 16 35
1000 18 30
1000 18 50
5000 15 25
1000 12 50
5000 12 55
1000 10 60
350 11 30
5000 11 65
1000 13 55
1000 11 70
5000 12 40
