50 10 10
72 56 10 1
23 98 6 0
50 76 16 4
78 4 7 1
14 10 8 9
12 5 10 1
85 71 12 9
99 60 8 16
60 91 6 0
60 54 2 25
28 54 13 9
85 80 17 9
91 28 7 16
7 33 15 9
16 41 11 0
78 3 13 1
73 9 9 9
2 4 6 1
69 26 3 16
62 49 13 9
39 42 9 1
46 40 8 1
59 81 9 1
6 36 15 1
56 24 12 1
58 8 13 16
30 50 13 9
14 52 7 9
69 17 4 4
60 74 4 4
91 25 8 9
67 26 11 1
90 37 9 9
44 40 9 0
93 72 17 25
22 94 24 25
10 17 11 9
7 17 12 1
70 46 11 9
45 67 9 9
51 62 14 0
13 35 9 9
29 77 6 4
53 99 6 1
14 89 6 25
67 18 7 9
58 40 6 9
62 31 7 0
92 80 11 9
55 47 17 9
9 41 4933 265 0.340687545889523 250 3 0.841621233572914
97 23 982 387 0.461272736487445 100 6 0.841621233572914
84 40 7840 205 0.315720950749237 500 5 0.841621233572914
98 81 8296 410 0.0512051346129738 250 1 0.841621233572914
71 15 7999 303 0.119367420920171 100 6 0.841621233572914
12 7 4548 490 0.19866448026849 100 4 0.841621233572914
94 62 1019 204 0.248198628537357 500 4 0.841621233572914
58 53 4942 437 0.06218840935966 100 3 0.841621233572914
4 26 968 390 0.423827266735025 100 1 0.841621233572914
26 37 8004 444 0.136447351193056 250 6 0.841621233572914
350 20 50
1000 15 45
1000 18 70
1000 10 65
1000 18 35
5000 12 50
350 18 40
350 19 40
1000 16 50
1000 18 40
