50 20 20
59 83 13 4
8 12 13 1
52 33 11 16
60 3 8 16
28 27 11 1
41 92 12 9
38 10 9 25
61 81 15 9
2 38 15 1
1 90 7 25
1 2 10 4
59 72 14 1
68 68 6 0
69 74 7 1
96 64 8 16
98 11 2 4
5 92 17 9
42 11 7 9
43 55 1 9
73 24 10 4
85 83 16 1
30 62 8 0
95 56 8 1
28 32 8 1
97 29 15 0
39 72 7 1
54 6 5 16
81 59 14 16
30 93 9 9
23 71 10 9
19 42 10 1
57 4 13 9
38 8 8 4
88 8 16 9
21 94 13 4
3 39 19 16
79 94 11 9
86 16 9 25
48 39 8 4
38 83 2 9
67 10 24 16
81 81 13 1
63 98 7 9
6 98 13 0
34 43 10 25
20 97 10 4
21 52 15 4
88 48 8 1
5 16 14 0
40 43 7 16
78 99 1006 450 0.35222623573849 250 2 1.2815515655446
91 48 4877 228 0.491796239311807 100 7 1.2815515655446
47 43 7941 183 0.189978055779357 500 7 1.2815515655446
97 27 1031 241 0.0656506324512884 250 4 1.2815515655446
37 57 990 348 0.445223611716647 250 3 1.2815515655446
15 1 7795 203 0.30570531707257 250 5 1.2815515655446
31 38 8073 182 0.102447927983012 250 6 1.2815515655446
21 35 1039 192 0.443287890870124 250 1 1.2815515655446
23 17 1000 243 0.108414870838169 100 4 1.2815515655446
70 89 8163 435 0.0730646787909791 250 1 1.2815515655446
66 71 5086 398 0.213843732045498 500 5 1.2815515655446
49 68 5141 197 0.210090485254768 250 3 1.2815515655446
86 98 8233 175 0.483855230868794 500 5 1.2815515655446
22 27 7971 420 0.369468448562548 250 1 1.2815515655446
47 33 4967 319 0.330796997947618 250 2 1.2815515655446
97 84 5228 523 0.0365218716487289 250 7 1.2815515655446
19 95 8176 471 0.468026100602001 250 1 1.2815515655446
45 53 971 448 0.180359323655721 250 2 1.2815515655446
1 20 993 230 0.0917983469134197 100 5 1.2815515655446
53 11 4882 252 0.14327255516313 250 5 1.2815515655446
350 12 45
1000 10 35
350 12 30
5000 18 40
5000 12 55
5000 18 30
5000 14 50
5000 17 55
5000 11 70
1000 17 35
5000 11 70
350 16 35
350 12 60
350 10 70
5000 17 40
1000 16 30
350 10 60
1000 19 35
5000 14 45
1000 12 30
