50 20 20
17 3 16 4
90 33 5 4
22 16 8 1
88 40 5 4
67 85 15 16
19 85 5 0
33 63 5 4
44 6 18 25
73 91 14 1
88 52 11 9
70 24 11 1
98 4 17 4
53 67 6 4
58 48 12 16
15 32 9 1
58 75 14 0
20 12 13 16
61 95 9 0
87 51 9 16
39 49 7 1
22 98 13 16
61 40 12 9
72 97 9 16
34 2 14 4
63 33 8 0
98 24 9 25
34 65 4 4
91 92 5 25
16 78 7 16
65 99 12 4
93 67 9 9
48 12 4 25
49 93 11 25
13 44 13 1
39 45 5 9
31 34 9 9
38 96 7 1
51 59 6 0
50 57 14 25
92 5 12 1
77 45 3 16
27 27 8 16
24 59 6 9
63 17 10 1
83 6 7 9
26 85 7 9
8 44 12 16
97 18 11 1
48 71 10 9
25 91 11 0
82 58 4743 368 0.227059326707385 250 6 1.2815515655446
67 29 5040 295 0.228524589072913 100 5 1.2815515655446
8 95 1001 295 0.211806276489515 500 6 1.2815515655446
55 75 8473 355 0.151142020416446 100 6 1.2815515655446
77 2 988 258 0.0790703619783744 250 2 1.2815515655446
92 90 5053 327 0.484694466742221 500 6 1.2815515655446
73 54 7954 400 0.260218622514512 500 3 1.2815515655446
36 5 1006 186 0.141004391976167 500 1 1.2815515655446
10 77 5279 361 0.299306684848852 100 3 1.2815515655446
20 6 1032 464 0.213840770202223 500 1 1.2815515655446
16 77 5186 358 0.349783091258723 250 2 1.2815515655446
72 62 978 208 0.197853610615712 100 7 1.2815515655446
92 98 8230 328 0.446182843388524 250 6 1.2815515655446
34 41 5340 279 0.0303600274468772 250 1 1.2815515655446
35 33 5019 405 0.413268084260635 500 5 1.2815515655446
34 88 8092 262 0.496038606406655 250 3 1.2815515655446
70 78 986 313 0.168086660131812 100 2 1.2815515655446
18 3 8408 208 0.0935643980000168 100 1 1.2815515655446
33 70 7922 210 0.405994334262796 500 1 1.2815515655446
84 91 8538 175 0.369300702589098 500 7 1.2815515655446
1000 18 45
1000 15 70
1000 10 35
350 18 35
350 14 60
5000 18 50
5000 11 55
350 19 55
350 12 50
5000 16 35
5000 11 65
5000 12 60
350 18 50
1000 19 25
350 18 55
350 18 45
350 15 40
5000 18 50
1000 16 45
350 11 30
