50 10 10
41 7 6 0
66 54 11 9
96 34 2 25
32 15 5 1
84 39 7 9
72 98 13 25
4 1 10 16
95 79 11 4
61 10 5 16
70 30 8 9
5 62 9 4
43 28 5 16
45 33 15 0
74 28 9 4
52 94 8 1
96 97 7 1
8 20 15 1
92 44 12 4
40 15 12 1
9 73 14 0
13 40 5 0
79 57 17 9
47 25 14 16
90 55 7 16
77 49 22 25
49 9 8 9
88 62 10 16
21 47 7 4
32 80 5 16
89 19 0 4
23 89 9 4
74 89 7 9
23 75 10 9
31 65 5 9
58 57 10 1
42 32 11 9
2 3 15 1
40 61 11 1
50 13 14 4
96 72 4 16
69 97 6 9
47 85 9 4
32 96 11 25
68 18 10 1
83 19 10 16
58 15 7 1
13 48 10 9
91 5 10 4
65 85 8 9
67 31 7 0
3 87 994 215 0.245250285472721 500 5 0.841621233572914
17 40 8077 345 0.201222528202925 500 5 0.841621233572914
96 4 969 260 0.279462517658249 250 4 0.841621233572914
47 51 4665 410 0.337321802659426 250 5 0.841621233572914
31 33 996 164 0.147566188978963 250 2 0.841621233572914
42 58 5380 451 0.0323835844662972 100 3 0.841621233572914
97 13 8189 393 0.445487197164912 250 4 0.841621233572914
22 94 7577 338 0.351205797453877 250 4 0.841621233572914
49 74 4628 302 0.151731997579336 100 1 0.841621233572914
71 68 1038 401 0.365313225493301 500 2 0.841621233572914
5000 17 55
1000 10 65
5000 10 75
1000 15 70
5000 10 60
350 11 75
1000 16 50
5000 17 45
1000 12 55
1000 18 40
