50 10 10
5 47 10 1
61 38 7 4
45 94 5 1
22 48 1 16
38 30 6 16
27 71 5 9
22 72 15 4
52 79 2 9
67 38 7 16
18 28 14 0
68 41 1 9
31 100 11 4
49 42 18 9
69 37 8 9
35 49 7 16
35 96 13 4
87 54 7 4
66 9 11 4
78 7 7 0
50 71 8 25
87 52 5 9
55 23 22 16
94 19 15 1
99 12 4 4
50 99 13 1
99 42 8 1
77 54 16 4
6 11 4 16
19 22 7 25
93 72 5 1
25 66 19 9
16 79 11 1
67 82 11 0
23 49 8 16
19 29 23 16
26 62 12 0
22 94 8 16
63 30 13 4
55 49 14 9
53 1 1 9
5 29 10 16
88 62 13 9
6 96 7 4
69 73 15 1
40 27 10 1
26 15 13 16
99 12 15 4
59 30 13 25
40 87 14 16
93 32 13 0
15 10 1014 310 0.287740109069273 100 6 0.841621233572914
19 88 987 256 0.110229809519369 500 4 0.841621233572914
99 91 8817 358 0.322143340860493 500 5 0.841621233572914
86 48 988 175 0.432993350503966 250 2 0.841621233572914
26 70 4872 290 0.0982372783054598 250 4 0.841621233572914
78 53 5169 287 0.408628433700651 500 1 0.841621233572914
49 77 4926 302 0.257342434464954 250 2 0.841621233572914
26 61 4886 359 0.0528090712334961 250 6 0.841621233572914
58 89 1000 252 0.0947204780043103 500 7 0.841621233572914
74 25 1006 408 0.0321530804852955 500 2 0.841621233572914
5000 12 40
1000 20 55
5000 18 55
350 11 45
350 15 35
5000 18 40
1000 20 35
5000 16 40
1000 11 55
350 18 65
