50 10 10
68 65 8 4
18 22 6 4
16 37 11 4
85 71 14 4
24 88 5 4
75 98 5 16
54 55 13 0
97 12 11 25
48 27 13 1
2 24 8 9
62 45 14 0
79 92 9 4
56 55 5 0
87 27 9 0
61 62 15 9
80 76 7 9
97 15 2 16
43 59 24 16
15 84 5 0
72 9 12 16
58 72 3 25
84 83 5 1
5 65 9 4
68 32 11 9
66 72 12 16
55 73 6 0
81 16 10 1
21 29 9 16
38 30 15 1
97 49 10 9
97 52 19 16
74 67 14 1
8 53 14 1
85 42 10 1
30 59 19 25
100 62 5 25
24 22 11 4
35 56 5 4
14 96 5 0
78 81 5 0
49 11 10 1
7 52 7 9
62 76 14 9
85 8 4 4
52 17 7 1
59 3 3 1
79 38 17 9
83 89 15 1
47 43 13 1
6 63 11 9
44 12 7841 431 0.119743250336032 100 1 0.524400512708041
18 12 7742 338 0.32963149926858 100 7 0.524400512708041
95 93 986 454 0.0948273845040239 250 2 0.524400512708041
97 17 5234 253 0.23348584584659 500 7 0.524400512708041
10 54 998 359 0.209847232960165 250 5 0.524400512708041
11 44 4877 467 0.186318537550978 250 1 0.524400512708041
19 26 1013 212 0.340285155745223 250 7 0.524400512708041
70 38 5361 291 0.423364258275833 500 7 0.524400512708041
20 30 4674 379 0.219956972734071 250 2 0.524400512708041
49 98 1036 294 0.379449135859031 100 7 0.524400512708041
350 10 70
1000 11 30
5000 18 45
1000 20 50
5000 19 50
350 19 75
5000 12 30
1000 13 40
5000 20 45
5000 18 45
