50 10 10
73 4 5 4
91 57 12 16
19 61 14 16
20 74 8 9
8 94 8 9
86 5 6 1
98 18 9 9
6 50 21 25
36 12 0 25
23 36 13 4
44 84 12 4
72 37 11 4
46 42 8 16
94 39 7 9
48 50 8 0
98 91 3 9
4 28 12 4
58 32 8 16
86 70 9 9
85 81 12 9
50 48 12 9
77 21 10 9
19 68 12 9
4 97 10 1
98 45 11 25
87 83 1 9
84 86 14 16
3 66 6 25
80 48 17 4
76 58 10 1
70 28 9 4
79 97 13 16
83 24 6 0
42 69 13 1
28 12 13 25
95 20 3 9
31 88 8 4
53 27 6 1
88 26 9 1
54 1 9 25
32 80 10 16
11 88 12 9
63 58 4 16
87 99 16 16
78 30 11 1
2 4 12 9
54 66 1 16
74 82 9 0
67 64 12 9
95 23 10 9
84 22 968 272 0.15237290157238 500 7 0.2533471031358
87 82 4871 382 0.253503245085012 500 7 0.2533471031358
11 1 8109 294 0.241451164362952 100 7 0.2533471031358
94 86 7426 391 0.0392152525996789 100 3 0.2533471031358
67 17 5166 367 0.496069672165904 500 6 0.2533471031358
36 26 8070 425 0.0803497434547171 250 2 0.2533471031358
92 42 4809 162 0.342144395464566 100 3 0.2533471031358
85 95 5028 294 0.108230694108643 250 1 0.2533471031358
91 90 5026 396 0.414421236016788 100 6 0.2533471031358
37 64 962 432 0.153770889847074 250 1 0.2533471031358
5000 14 70
1000 15 70
1000 15 40
5000 13 70
5000 11 60
5000 16 35
1000 16 45
1000 18 60
1000 15 70
350 20 55
