50 20 20
33 34 12 0
42 15 9 4
80 13 13 16
29 70 7 16
3 63 12 1
71 89 5 1
40 84 5 4
87 56 13 4
36 27 13 16
85 57 11 1
10 57 9 16
3 22 9 9
18 36 9 9
93 64 8 9
95 40 14 4
31 65 9 16
54 47 12 4
28 96 16 4
6 74 11 1
15 27 9 9
79 81 8 1
2 27 2 16
86 90 13 1
58 9 13 4
77 26 6 16
24 87 4 9
13 19 8 0
63 25 14 4
73 25 3 4
30 80 9 16
14 27 6 4
24 28 6 0
2 61 10 9
66 82 11 16
88 26 15 16
1 71 4 4
31 83 15 25
92 62 4 1
65 14 9 4
64 11 16 4
54 78 7 1
83 40 12 16
21 3 8 9
50 40 15 16
25 9 14 1
57 87 14 4
50 6 11 16
66 35 13 16
43 91 15 0
83 50 14 0
77 35 8401 198 0.169061584779993 250 2 0.841621233572914
48 53 998 345 0.203284535235725 250 2 0.841621233572914
62 89 980 178 0.175553240287118 100 6 0.841621233572914
46 27 1015 179 0.222375424681231 500 4 0.841621233572914
15 37 982 202 0.0410047937976196 250 2 0.841621233572914
59 17 1036 496 0.147325126496144 500 2 0.841621233572914
53 27 7984 376 0.362636105243582 100 4 0.841621233572914
5 70 5209 411 0.368685416143853 500 2 0.841621233572914
19 64 4976 438 0.467327453030739 500 7 0.841621233572914
21 67 7796 177 0.046173390543554 100 7 0.841621233572914
50 16 988 403 0.293370608808473 250 2 0.841621233572914
13 63 7184 388 0.0606923035974614 500 6 0.841621233572914
91 83 7610 334 0.311347378462087 250 1 0.841621233572914
14 83 8756 472 0.270904460174497 250 5 0.841621233572914
62 86 1020 450 0.147741259785835 250 3 0.841621233572914
10 76 5018 383 0.34895156650804 100 1 0.841621233572914
26 87 8042 344 0.24623516008025 100 5 0.841621233572914
66 53 5097 195 0.17645256253425 100 2 0.841621233572914
51 23 1035 421 0.347506331438199 100 7 0.841621233572914
79 11 5047 268 0.0422642929735594 100 7 0.841621233572914
350 10 40
1000 19 45
1000 19 60
1000 18 75
1000 19 35
5000 12 60
350 16 60
1000 19 50
350 15 45
5000 17 55
1000 18 55
5000 18 55
350 12 40
350 13 60
5000 12 30
1000 10 55
1000 12 65
1000 11 35
350 11 45
5000 11 30
