50 20 20
16 87 10 25
80 87 15 4
77 4 14 0
62 30 11 0
37 17 1 16
73 54 7 4
36 37 6 16
53 36 6 0
13 88 17 1
53 33 13 4
19 78 10 4
89 39 16 1
1 72 8 16
79 56 5 4
53 15 13 9
34 79 20 16
81 63 9 9
81 5 10 4
80 17 4 4
17 37 5 16
51 84 8 9
11 79 10 0
22 93 3 16
77 94 13 4
12 13 4 4
44 87 15 4
30 7 1 16
2 39 18 16
13 42 10 4
83 88 18 16
8 68 12 16
64 21 9 1
80 25 10 4
69 52 13 16
8 65 12 16
47 91 10 1
39 54 11 9
12 67 7 1
58 93 8 25
49 28 8 16
72 77 9 25
2 49 5 25
77 85 8 16
87 34 14 25
5 42 10 1
44 64 9 16
78 97 5 9
21 24 7 9
27 88 8 9
61 6 10 16
97 22 8237 225 0.186844832457136 100 7 1.2815515655446
12 44 5236 293 0.313492552819662 100 5 1.2815515655446
91 88 4714 279 0.052299891023431 250 6 1.2815515655446
10 99 7788 274 0.498182872163597 500 3 1.2815515655446
91 46 5147 424 0.495821106587537 250 1 1.2815515655446
96 95 999 210 0.288224914970342 250 5 1.2815515655446
42 17 1033 283 0.22624777519377 250 2 1.2815515655446
22 54 4983 254 0.377313546182122 500 2 1.2815515655446
38 32 5035 360 0.45501262859907 500 6 1.2815515655446
59 86 7989 302 0.360178692571353 100 5 1.2815515655446
25 62 8440 464 0.335684846399818 250 1 1.2815515655446
91 14 984 320 0.490751744613517 250 7 1.2815515655446
96 74 7949 252 0.323604662965518 100 4 1.2815515655446
51 42 1015 250 0.26020257651573 250 3 1.2815515655446
67 36 5064 183 0.113395222013351 250 7 1.2815515655446
78 3 4749 210 0.134364288656507 100 1 1.2815515655446
44 66 7631 274 0.308840006981045 250 2 1.2815515655446
6 11 8096 179 0.395497686776798 100 7 1.2815515655446
40 32 5044 476 0.304727898833808 250 7 1.2815515655446
40 60 8214 473 0.146497427870054 100 5 1.2815515655446
1000 17 45
5000 17 75
1000 18 75
350 15 60
5000 14 65
350 18 70
1000 16 60
350 12 55
1000 19 55
350 15 45
5000 12 75
1000 18 45
5000 17 75
350 12 45
5000 20 45
350 14 60
350 15 50
350 11 50
1000 20 25
5000 18 35
