50 10 10
26 48 15 1
44 77 13 1
41 43 11 4
25 54 12 4
38 14 13 9
18 5 14 1
31 98 7 0
66 58 2 16
81 69 4 9
18 14 8 0
67 41 8 9
45 66 3 9
4 13 6 1
48 70 13 9
92 20 9 9
84 9 11 1
84 49 4 9
87 95 7 0
72 67 16 25
8 26 14 4
28 50 15 25
9 100 10 0
15 77 14 16
62 91 10 16
2 88 14 9
87 3 7 16
9 44 6 4
20 86 8 9
20 30 10 9
94 20 4 16
72 95 6 1
86 15 16 25
61 43 7 4
29 66 6 4
35 39 16 9
9 67 7 9
3 12 11 25
49 42 6 9
83 89 7 1
42 54 6 1
29 6 15 9
24 34 16 16
50 17 6 1
41 95 13 1
49 83 2 16
21 92 10 0
95 14 11 9
47 39 6 4
30 47 9 16
81 46 14 25
12 60 5129 171 0.274235723526217 100 2 0.2533471031358
54 35 5228 249 0.319452283116989 100 1 0.2533471031358
48 72 5432 294 0.387509700627998 250 1 0.2533471031358
82 69 4750 406 0.254247723531444 250 5 0.2533471031358
28 81 5334 452 0.483135702335276 250 4 0.2533471031358
28 27 4976 178 0.138284591461997 250 6 0.2533471031358
68 30 7995 446 0.486454996955581 500 7 0.2533471031358
81 70 8047 303 0.400898752873763 100 7 0.2533471031358
22 53 977 377 0.0897655039583333 500 6 0.2533471031358
93 85 5400 477 0.421469777480233 500 4 0.2533471031358
1000 10 60
350 12 70
5000 20 30
350 19 40
350 18 30
350 12 45
1000 15 50
350 14 65
1000 14 30
5000 18 30
