50 20 20
31 43 9 9
88 54 7 4
6 32 13 9
84 2 9 1
17 97 7 16
88 5 11 9
19 88 14 0
73 37 19 25
37 67 12 16
52 97 10 1
61 42 12 4
30 21 13 25
57 92 13 4
26 35 9 4
72 17 11 1
70 60 6 0
64 20 9 4
99 93 11 4
45 71 6 4
8 91 15 16
93 77 9 1
85 76 9 9
95 73 2 9
6 9 8 0
17 88 5 4
85 14 8 16
72 87 13 4
25 98 7 4
40 62 13 9
64 58 11 1
43 35 14 0
4 63 7 9
94 36 6 9
54 9 8 16
3 57 4 9
83 14 11 0
74 61 12 9
28 78 11 9
84 47 8 16
46 71 8 9
36 23 4 1
2 87 15 16
29 56 12 25
19 88 8 9
23 63 8 16
100 79 9 0
86 92 12 25
21 31 5 9
16 4 13 16
29 94 14 1
16 6 984 200 0.17786810694728 500 5 0.2533471031358
50 80 5213 465 0.400216739817988 250 6 0.2533471031358
35 70 7917 419 0.272041121316142 250 3 0.2533471031358
71 14 8008 415 0.403603707402945 250 1 0.2533471031358
27 86 4700 214 0.442608864388894 100 5 0.2533471031358
88 68 5139 364 0.247517031973694 500 6 0.2533471031358
9 12 1015 453 0.155663886438124 500 7 0.2533471031358
1 2 8069 399 0.0776478350302204 500 1 0.2533471031358
17 17 992 268 0.262524299866054 250 4 0.2533471031358
50 86 5090 208 0.0778828575019725 500 6 0.2533471031358
25 73 1000 489 0.184911503978074 500 6 0.2533471031358
70 16 4792 340 0.376524808937684 100 5 0.2533471031358
13 54 7906 435 0.267762287633959 250 1 0.2533471031358
99 13 8186 394 0.383170066648163 250 7 0.2533471031358
95 72 5158 226 0.15274876327021 500 4 0.2533471031358
99 70 7974 450 0.195251851691864 500 5 0.2533471031358
56 83 1010 420 0.0309945410327055 250 7 0.2533471031358
27 31 4741 438 0.0576324718538672 250 2 0.2533471031358
10 43 8400 310 0.15227755026659 250 1 0.2533471031358
18 97 5188 342 0.0549001730745658 500 6 0.2533471031358
350 17 65
350 20 55
1000 19 25
350 17 75
5000 20 30
5000 14 65
5000 17 70
350 13 40
5000 13 65
1000 13 60
5000 12 65
1000 16 45
5000 11 60
350 17 55
350 19 45
5000 11 40
1000 17 25
5000 17 30
1000 20 60
5000 14 50
