50 20 20
93 49 10 0
25 88 13 16
40 82 14 0
69 63 9 9
82 7 15 16
58 16 18 25
13 40 4 4
70 84 17 4
93 72 9 16
68 51 9 1
53 63 6 4
20 37 7 0
8 2 9 16
44 13 7 4
86 24 12 9
66 94 12 4
93 50 12 1
77 49 13 1
55 69 10 25
91 69 17 9
41 94 12 1
13 86 6 25
79 78 8 16
92 35 11 9
51 93 7 9
37 60 6 25
42 2 12 16
7 65 15 16
62 20 6 4
6 43 16 25
39 63 12 25
18 58 12 0
12 57 12 16
22 1 13 25
73 28 16 16
40 100 14 1
31 53 6 25
71 85 6 9
29 90 12 25
49 8 14 9
46 67 17 9
7 48 4 16
10 87 14 4
51 56 6 4
38 80 11 0
9 68 8 25
92 96 7 1
22 22 10 25
54 70 11 9
36 55 9 16
87 29 4928 524 0.287439059466124 250 7 0.2533471031358
26 61 8400 412 0.216416924600489 250 5 0.2533471031358
99 33 972 359 0.42342315437505 500 1 0.2533471031358
81 95 8705 525 0.0647733474080451 100 4 0.2533471031358
29 77 4827 269 0.230699507708196 500 5 0.2533471031358
34 39 1002 272 0.456408315224107 100 1 0.2533471031358
3 16 5079 296 0.126697597173043 100 1 0.2533471031358
89 8 8010 369 0.168310122922994 250 7 0.2533471031358
92 50 7654 213 0.16266813583672 100 4 0.2533471031358
59 12 5069 230 0.129162909626029 250 6 0.2533471031358
63 78 4786 508 0.36465129630873 100 6 0.2533471031358
38 92 996 348 0.383168468964286 500 3 0.2533471031358
69 15 991 481 0.174102137668524 250 6 0.2533471031358
48 21 7707 357 0.307594534046948 250 1 0.2533471031358
99 81 7904 370 0.0378292681835592 100 4 0.2533471031358
4 24 8129 327 0.37165887709707 250 4 0.2533471031358
76 8 999 440 0.426436665761285 100 6 0.2533471031358
45 99 5013 285 0.163180499705486 250 2 0.2533471031358
18 64 8005 405 0.316097895479761 250 2 0.2533471031358
40 46 991 392 0.490255770245567 250 3 0.2533471031358
1000 18 45
350 15 70
350 12 30
5000 17 30
350 10 75
1000 19 55
350 13 55
350 18 55
350 11 45
1000 10 45
1000 14 65
1000 13 25
1000 14 60
1000 16 60
1000 14 30
350 11 35
5000 16 70
350 17 55
1000 17 30
350 18 65
