50 20 20
14 85 13 16
44 43 7 4
16 44 8 9
96 75 12 0
83 20 7 4
76 84 4 4
75 84 2 9
35 56 12 1
55 26 11 4
66 53 9 0
43 60 6 25
71 32 5 9
70 78 12 16
88 78 6 16
62 72 4 9
7 69 12 16
45 31 6 1
83 33 5 16
88 77 7 25
43 70 13 4
44 94 5 1
80 10 13 4
66 78 13 0
33 70 10 9
24 12 10 1
95 74 12 1
95 59 11 16
87 89 13 4
26 54 15 16
71 88 9 4
28 22 8 0
22 87 7 16
68 26 10 9
37 87 14 16
78 56 9 4
47 53 12 4
73 5 9 16
80 44 10 1
81 17 7 4
86 17 4 16
94 99 9 0
65 53 17 9
78 63 12 16
50 91 11 16
58 46 9 9
31 96 11 1
69 75 10 1
36 66 3 4
17 72 12 16
61 71 15 9
19 46 8140 443 0.250977223927621 500 3 0.524400512708041
57 40 4633 362 0.420577732464299 500 7 0.524400512708041
11 4 7885 440 0.0327646988234483 250 6 0.524400512708041
97 64 8108 446 0.388151194669772 250 6 0.524400512708041
2 44 7588 292 0.498962808139622 500 6 0.524400512708041
76 81 7690 348 0.256850295851473 250 7 0.524400512708041
76 85 5106 463 0.208729346136097 500 5 0.524400512708041
46 86 7955 254 0.0735730435256846 250 6 0.524400512708041
15 42 1013 426 0.0935333916614763 100 1 0.524400512708041
25 13 1021 470 0.262274820872117 250 7 0.524400512708041
14 9 8786 162 0.457266436486971 250 5 0.524400512708041
26 85 980 360 0.140147611892317 100 7 0.524400512708041
51 6 991 278 0.0517709088348784 100 7 0.524400512708041
29 50 1019 197 0.1444912690809 100 3 0.524400512708041
69 80 1011 446 0.435664135937113 250 6 0.524400512708041
95 32 5237 168 0.241577013593633 100 6 0.524400512708041
59 28 7952 265 0.174757587807253 500 4 0.524400512708041
29 46 4905 233 0.0361232789582573 500 4 0.524400512708041
43 37 5166 424 0.429234440033324 100 7 0.524400512708041
57 42 975 293 0.303422498856671 250 1 0.524400512708041
350 14 30
350 17 35
1000 19 70
1000 17 55
5000 12 50
350 17 40
1000 20 70
5000 15 55
350 13 65
1000 13 70
350 11 55
5000 20 65
350 16 60
1000 12 30
350 19 55
350 20 30
1000 17 60
1000 12 60
5000 17 50
350 11 65
