50 20 20
52 62 8 9
38 62 9 4
57 59 8 25
70 64 2 25
20 22 7 16
23 40 11 0
22 81 6 4
9 76 18 16
39 65 12 4
73 66 17 4
22 98 8 9
3 60 13 0
82 96 12 16
94 22 16 9
82 8 14 0
92 21 6 0
4 80 7 25
19 39 4 9
74 3 5 25
1 18 14 4
99 28 12 4
51 2 13 16
12 15 9 1
48 51 3 4
32 45 8 16
96 43 11 4
54 87 12 4
49 79 10 0
63 90 5 16
51 92 12 4
30 25 9 9
99 47 10 9
61 62 5 9
9 53 12 16
24 26 9 4
44 35 3 9
23 25 6 9
79 96 7 16
67 83 10 1
36 38 11 25
26 24 12 9
49 70 12 4
19 90 16 1
20 24 8 9
32 27 7 0
60 97 12 1
50 33 17 16
90 85 4 16
57 82 14 16
81 37 7 9
88 68 991 365 0.245299108393956 500 5 0.2533471031358
12 26 997 311 0.145494977645576 500 4 0.2533471031358
90 47 5264 348 0.370855306561571 500 5 0.2533471031358
44 12 4912 371 0.476312643748242 500 6 0.2533471031358
96 51 991 306 0.312528335608076 500 4 0.2533471031358
22 74 5070 167 0.0727743055461906 500 7 0.2533471031358
25 39 8327 426 0.30289581164252 500 4 0.2533471031358
5 33 5292 471 0.423635362139903 100 5 0.2533471031358
94 25 1012 187 0.196821733242832 250 6 0.2533471031358
68 78 7860 256 0.208824079816695 500 7 0.2533471031358
33 65 958 420 0.0323261402896605 500 2 0.2533471031358
32 32 1029 398 0.416221704387572 500 1 0.2533471031358
6 50 1016 370 0.237951926109381 250 6 0.2533471031358
91 97 5483 242 0.106269132148009 250 6 0.2533471031358
46 8 4964 433 0.0732585810380988 500 5 0.2533471031358
2 61 7981 463 0.31842068041442 500 2 0.2533471031358
63 85 5376 292 0.173257355752867 250 1 0.2533471031358
27 92 1020 209 0.0924314731406048 500 4 0.2533471031358
88 95 988 432 0.153198340788949 100 1 0.2533471031358
73 70 1031 463 0.180947042503394 250 5 0.2533471031358
1000 10 70
1000 18 65
5000 16 45
350 11 40
5000 19 70
350 12 75
1000 12 40
5000 12 40
1000 18 70
5000 13 35
1000 19 30
1000 12 55
350 16 40
1000 17 65
5000 12 40
1000 17 70
1000 18 50
5000 11 50
1000 14 25
1000 15 50
