50 20 20
11 57 11 16
88 87 7 1
43 48 17 16
8 39 10 16
89 48 5 1
51 63 11 4
6 59 24 25
88 1 4 9
14 70 9 16
68 95 17 9
15 72 6 4
97 83 16 1
82 22 2 16
63 64 11 16
70 52 10 9
93 85 15 4
74 92 9 0
27 6 10 0
52 33 5 4
92 94 18 16
65 35 8 0
67 27 5 4
77 55 6 9
62 78 15 1
61 87 13 1
45 45 11 9
33 59 8 1
42 72 11 25
52 10 9 16
68 57 10 4
18 89 15 0
51 73 6 1
54 61 16 25
36 97 14 4
58 84 9 4
94 14 7 9
68 44 14 1
7 27 8 9
37 84 12 4
28 78 9 16
62 74 4 16
21 73 3 4
1 89 7 9
57 51 17 9
81 11 14 1
90 4 9 4
60 46 6 1
22 51 18 16
8 7 16 1
17 14 7 1
53 67 7899 444 0.216563048877288 100 3 1.2815515655446
60 30 4978 263 0.218682505558245 100 6 1.2815515655446
62 66 4955 344 0.0764510690211318 100 7 1.2815515655446
11 22 7429 377 0.449928399191704 500 3 1.2815515655446
9 95 7926 394 0.420091968062334 100 4 1.2815515655446
50 74 984 320 0.265511303816456 500 2 1.2815515655446
80 23 7499 504 0.358532615178265 100 3 1.2815515655446
25 78 8146 331 0.238696356953587 500 3 1.2815515655446
6 95 4526 464 0.148647257287521 500 7 1.2815515655446
82 41 4766 238 0.489116440315265 250 5 1.2815515655446
49 46 1039 499 0.281677973582409 100 1 1.2815515655446
22 4 1007 275 0.42324615649879 500 2 1.2815515655446
59 58 1004 474 0.294306750337128 100 2 1.2815515655446
45 71 5250 296 0.350705038679298 100 5 1.2815515655446
89 29 7802 284 0.0631745800608769 250 6 1.2815515655446
4 81 7528 414 0.04610276164487 250 5 1.2815515655446
61 72 7732 184 0.278438515225425 250 6 1.2815515655446
81 36 8001 213 0.0406962693319656 100 3 1.2815515655446
6 33 978 384 0.0828070582961664 250 3 1.2815515655446
36 62 7376 420 0.281167816924863 250 6 1.2815515655446
1000 12 40
1000 18 75
1000 18 75
5000 19 35
5000 14 25
5000 18 60
5000 14 60
1000 15 55
5000 18 60
1000 14 35
5000 16 65
1000 12 65
5000 12 45
1000 20 40
5000 10 40
350 12 50
350 11 45
350 17 50
5000 13 75
350 16 60
