50 20 20
63 91 13 16
5 2 13 4
62 47 10 1
56 60 6 0
68 100 15 1
83 47 6 4
38 43 10 9
60 34 9 9
83 100 2 9
47 6 14 4
5 35 12 16
5 73 5 0
36 72 13 9
53 73 12 4
25 78 11 4
20 48 15 16
44 3 17 4
19 1 11 25
89 79 11 1
37 25 7 9
99 4 14 9
40 89 5 4
15 72 6 4
9 24 8 16
92 90 13 1
19 87 15 1
70 42 11 0
68 15 4 4
29 54 14 9
74 42 19 4
88 98 14 4
36 79 10 16
88 20 12 9
56 9 16 4
26 64 14 9
93 65 12 0
25 12 9 16
62 100 9 16
23 52 17 16
93 2 12 9
65 24 15 16
65 20 13 16
95 19 12 4
21 86 9 16
58 67 2 16
64 18 10 9
64 34 0 16
78 28 6 9
10 56 12 4
70 16 7 25
87 77 7989 512 0.207241850576829 250 6 0.524400512708041
82 37 969 199 0.085320100679528 500 7 0.524400512708041
8 12 5039 444 0.161752895296086 100 3 0.524400512708041
58 77 4980 306 0.0416631492041051 500 1 0.524400512708041
73 14 8224 438 0.34342002293095 100 4 0.524400512708041
56 32 8211 311 0.464024137328379 250 5 0.524400512708041
72 7 1006 519 0.0854933622735553 100 5 0.524400512708041
97 53 8204 449 0.389994961149059 250 3 0.524400512708041
49 38 4959 448 0.280807782365009 500 2 0.524400512708041
17 51 7480 321 0.228084964030422 500 6 0.524400512708041
18 38 5045 428 0.476400139483158 100 1 0.524400512708041
37 58 991 498 0.226445461763069 250 2 0.524400512708041
76 21 969 402 0.170874855851289 100 2 0.524400512708041
38 78 8169 234 0.209161815743428 250 6 0.524400512708041
46 97 987 358 0.274599079079926 500 7 0.524400512708041
56 67 1005 296 0.20572724965401 100 6 0.524400512708041
91 31 8172 382 0.454519321487751 500 7 0.524400512708041
3 99 7770 479 0.166219962839969 100 2 0.524400512708041
49 4 5023 395 0.286595864181872 250 4 0.524400512708041
7 47 5150 178 0.267967744856142 500 6 0.524400512708041
1000 10 70
1000 12 70
350 15 40
1000 14 40
1000 13 50
1000 14 45
5000 15 30
350 19 25
1000 13 55
1000 17 40
5000 19 50
350 10 30
5000 18 40
1000 19 40
1000 16 50
1000 14 55
350 15 30
5000 13 50
350 14 55
5000 15 35
