50 10 10
17 47 15 16
15 90 13 9
79 96 5 4
58 70 10 16
61 13 10 25
32 82 10 1
61 91 5 1
24 42 9 0
31 16 3 16
78 12 12 1
73 16 10 4
88 27 14 0
17 8 2 16
24 13 11 9
87 96 14 16
48 46 9 4
34 26 8 16
70 40 10 25
75 19 10 4
49 84 5 1
76 95 8 1
21 62 7 25
70 95 16 16
55 86 13 4
25 41 13 0
14 66 3 16
47 76 17 9
51 56 17 9
93 65 15 4
58 86 3 9
10 88 8 4
46 51 5 25
57 56 11 9
21 36 7 4
79 85 14 9
83 11 10 0
40 19 16 9
24 52 10 0
91 68 14 16
68 67 13 9
53 84 9 16
35 11 6 9
72 73 13 4
77 14 7 4
23 42 5 9
53 13 6 4
39 51 16 16
7 1 8 16
41 29 8 1
99 39 7 9
59 20 1010 241 0.266615483716596 250 6 0.524400512708041
29 44 1030 351 0.30233008743031 250 6 0.524400512708041
60 10 5194 469 0.0637798779178411 100 6 0.524400512708041
69 4 5112 360 0.0595001298352145 100 4 0.524400512708041
18 68 7500 400 0.330279216179624 500 7 0.524400512708041
39 5 5179 347 0.422954968654085 500 4 0.524400512708041
48 53 5051 194 0.37712903612759 100 5 0.524400512708041
38 81 7767 384 0.410655329879373 100 2 0.524400512708041
36 92 8020 242 0.379128554461058 250 6 0.524400512708041
3 35 5161 224 0.0944267200771719 250 7 0.524400512708041
5000 19 35
5000 16 25
5000 12 55
350 19 35
350 14 75
1000 10 50
1000 14 45
1000 20 60
5000 11 70
350 11 50
