50 20 20
78 47 9 0
21 80 8 4
45 20 17 16
37 14 13 25
22 24 21 16
17 21 10 9
45 33 5 4
66 15 8 25
6 85 11 9
53 8 6 16
24 26 13 0
48 49 11 1
18 98 6 9
17 73 15 4
96 42 10 0
68 17 5 4
19 90 15 16
36 96 7 9
36 10 17 16
49 61 14 0
63 63 2 25
32 96 11 4
39 48 10 1
24 9 16 16
56 18 13 4
67 61 16 9
45 66 15 16
63 19 7 4
96 52 7 4
90 82 7 1
4 93 16 4
81 34 11 9
42 88 0 9
14 25 14 9
41 31 11 1
49 27 11 4
18 84 5 1
41 71 9 4
40 47 12 1
74 68 13 9
38 6 8 4
73 90 10 4
27 69 7 0
89 40 8 1
95 47 12 4
34 81 11 0
41 94 11 9
76 6 13 16
35 6 7 9
46 48 9 4
47 55 7570 421 0.471591643830761 500 3 0.841621233572914
92 24 1006 515 0.281214719780255 250 1 0.841621233572914
85 91 7991 245 0.372281468021683 500 4 0.841621233572914
59 54 8397 197 0.465475544929504 250 7 0.841621233572914
27 25 7983 418 0.0819866188452579 100 3 0.841621233572914
39 87 4810 260 0.396067878375761 250 3 0.841621233572914
4 23 985 278 0.336236799671315 500 3 0.841621233572914
87 100 8152 395 0.0301417809841223 100 7 0.841621233572914
25 70 4743 373 0.279308071965352 500 4 0.841621233572914
82 37 969 357 0.406019401703961 500 5 0.841621233572914
86 73 7825 274 0.26050094562117 250 6 0.841621233572914
59 69 4818 456 0.0914623446925543 250 7 0.841621233572914
64 55 7972 358 0.273948826666456 100 3 0.841621233572914
5 20 8055 242 0.10122113624122 250 7 0.841621233572914
80 39 1020 294 0.0990439813956618 100 1 0.841621233572914
75 10 4905 461 0.323143958125729 500 5 0.841621233572914
65 100 1007 493 0.147135243846569 100 4 0.841621233572914
73 31 8299 442 0.253290667226538 100 4 0.841621233572914
96 50 1005 277 0.409763808925636 500 6 0.841621233572914
73 40 8665 519 0.0692639346094802 500 3 0.841621233572914
1000 17 65
350 20 70
1000 11 45
5000 17 40
350 14 40
350 16 45
1000 13 65
5000 16 65
1000 16 55
5000 17 75
1000 18 25
5000 18 60
1000 19 35
350 11 70
5000 14 45
1000 20 45
1000 13 70
5000 14 70
350 18 70
1000 15 60
