50 20 20
12 74 9 16
72 63 12 9
89 62 16 25
62 57 9 16
90 99 12 9
62 23 3 9
84 19 15 9
84 26 0 9
26 26 12 16
27 86 16 1
51 38 5 16
38 52 2 16
81 63 8 4
15 66 8 9
97 3 14 9
33 91 7 9
42 62 6 4
83 8 11 4
96 98 5 1
99 14 12 1
24 91 15 0
46 60 9 4
64 66 4 25
28 45 13 4
53 52 7 25
43 99 14 9
13 62 5 4
73 60 14 0
95 67 7 16
22 15 4 16
89 45 24 16
85 94 11 9
26 9 9 4
19 32 19 25
73 10 6 25
87 34 11 9
11 80 5 1
21 82 16 9
1 53 14 0
69 52 11 1
73 45 16 9
17 7 15 25
33 7 7 9
30 98 11 16
1 19 13 1
98 56 10 4
89 50 10 0
36 86 12 9
65 12 7 9
3 16 13 16
19 26 5073 230 0.242618571617641 100 5 1.2815515655446
54 17 4780 481 0.131197126151528 250 5 1.2815515655446
36 36 1011 179 0.120650052588899 250 3 1.2815515655446
52 34 5145 412 0.243363275818992 250 2 1.2815515655446
60 96 1005 290 0.496940504536033 500 3 1.2815515655446
16 69 1015 236 0.444553366915789 500 1 1.2815515655446
96 27 1010 381 0.261138081050012 100 2 1.2815515655446
35 17 5220 425 0.441183181139641 100 6 1.2815515655446
60 1 4651 220 0.247942474617157 250 3 1.2815515655446
12 9 994 280 0.22422287524445 250 2 1.2815515655446
70 68 1008 503 0.149532582291868 100 5 1.2815515655446
86 57 8127 347 0.474773932243697 250 5 1.2815515655446
12 58 1014 469 0.160729304321576 250 1 1.2815515655446
19 63 1026 477 0.163740066487808 250 4 1.2815515655446
100 1 7850 436 0.354643486249261 100 7 1.2815515655446
77 7 7860 328 0.369410717787687 250 5 1.2815515655446
8 3 993 253 0.173744542859495 250 7 1.2815515655446
43 87 1021 214 0.283248017965816 500 5 1.2815515655446
98 58 1006 397 0.143995061735623 250 5 1.2815515655446
11 30 977 491 0.482001654063351 500 2 1.2815515655446
5000 13 35
350 17 40
5000 19 60
350 14 70
5000 18 40
5000 18 45
350 16 45
1000 16 25
5000 13 35
1000 14 75
350 13 45
5000 13 55
5000 12 75
5000 14 35
350 19 55
1000 18 25
1000 13 35
350 10 55
1000 11 70
350 12 60
