50 10 10
39 61 9 25
58 33 11 1
96 81 9 9
51 68 30 25
81 73 10 16
87 45 8 16
60 26 10 16
27 49 9 1
57 60 7 4
59 45 10 0
88 51 5 9
13 25 8 9
47 21 10 9
32 20 10 16
54 36 17 9
7 66 14 4
26 38 12 1
23 6 14 16
59 70 9 9
25 1 8 16
93 28 11 16
63 9 5 4
48 96 11 9
33 36 7 9
81 93 10 25
16 14 9 9
25 57 12 16
60 68 12 0
95 31 9 0
12 32 7 9
53 99 9 9
84 27 1 16
81 45 10 4
59 54 8 16
98 14 14 4
71 82 6 1
41 90 11 9
12 92 9 1
10 83 9 4
29 67 10 25
54 74 6 9
92 72 15 16
91 29 9 0
14 50 8 4
75 13 16 9
16 41 10 1
76 81 8 0
10 43 6 9
8 99 7 4
42 59 15 9
83 72 995 353 0.330159596493468 500 7 0.2533471031358
80 71 1037 215 0.15874253452057 100 5 0.2533471031358
4 21 7990 488 0.34345211394364 100 2 0.2533471031358
77 87 5080 185 0.120048171805684 250 2 0.2533471031358
81 100 1039 236 0.483764219463337 250 1 0.2533471031358
13 22 988 377 0.417012337404303 100 1 0.2533471031358
94 80 8153 469 0.238692244777922 250 4 0.2533471031358
73 22 7961 236 0.170975719494745 250 1 0.2533471031358
12 62 7539 230 0.201529052171391 100 7 0.2533471031358
84 28 4625 208 0.139326492331456 100 6 0.2533471031358
1000 18 70
5000 13 35
1000 15 45
5000 18 50
350 19 60
1000 20 70
350 12 70
5000 14 65
350 12 65
350 14 40
