50 10 10
87 27 9 25
80 56 2 16
63 33 10 1
62 10 15 4
17 55 14 4
66 62 14 16
14 17 2 4
19 14 7 9
4 98 9 1
57 62 6 1
27 33 10 16
78 57 10 4
64 66 4 9
8 37 16 25
5 43 9 0
26 26 7 4
85 60 13 0
88 18 7 9
56 66 13 9
84 88 16 9
96 27 20 9
68 74 10 4
71 4 18 9
35 21 9 0
41 87 2 25
19 32 11 4
52 95 8 25
24 10 2 16
19 65 13 25
38 26 9 9
85 76 12 25
63 59 17 25
6 55 8 16
17 4 10 1
23 15 6 0
68 47 14 16
67 29 9 0
76 46 10 9
69 72 11 1
40 76 11 4
74 47 14 9
82 75 11 1
40 93 6 16
26 26 7 1
17 81 13 9
98 31 5 9
72 66 8 0
27 37 13 25
69 97 13 0
38 63 5 4
19 22 997 214 0.373245503907092 500 5 0.2533471031358
80 83 994 330 0.201061597883236 250 5 0.2533471031358
13 68 4918 424 0.0887893090420403 100 2 0.2533471031358
75 90 1027 433 0.163408759268932 100 7 0.2533471031358
48 82 8225 354 0.427293237489648 100 6 0.2533471031358
42 30 999 375 0.363438424004708 250 4 0.2533471031358
93 44 5081 356 0.227512288361322 500 2 0.2533471031358
30 86 1018 166 0.432565928155091 500 6 0.2533471031358
14 92 989 246 0.214226164929569 100 1 0.2533471031358
52 55 1041 176 0.0486988752731122 500 6 0.2533471031358
1000 11 55
1000 13 50
1000 13 35
5000 20 35
350 13 35
1000 12 75
350 12 50
5000 20 75
350 13 50
5000 12 50
