50 10 10
92 33 10 4
48 62 11 4
47 18 10 4
61 60 15 16
56 64 11 4
34 6 7 1
53 49 5 0
41 86 6 16
67 50 5 1
50 63 11 1
17 35 8 0
29 41 11 9
62 68 5 16
8 63 9 1
11 16 4 4
17 88 27 9
80 83 11 4
31 32 4 16
79 96 8 9
94 63 4 1
44 4 10 16
9 45 11 4
83 24 6 16
38 39 12 9
46 5 5 0
81 64 12 4
90 85 7 1
20 95 12 0
70 75 11 4
82 80 12 4
7 62 10 9
73 28 8 16
68 60 7 4
44 49 11 1
47 21 6 1
10 34 4 1
16 61 10 16
68 99 13 0
1 57 11 1
27 37 12 0
75 34 4 4
54 75 7 4
9 89 11 16
84 64 1 25
55 3 8 16
74 91 8 9
7 44 11 0
6 73 19 9
57 91 6 0
13 89 2 16
56 65 1004 211 0.359839764947537 250 7 0.841621233572914
60 54 4646 347 0.405307726990432 100 6 0.841621233572914
49 70 5012 199 0.428274508663453 100 3 0.841621233572914
70 80 7799 300 0.0787171512795612 100 1 0.841621233572914
12 53 7948 259 0.470281629282981 100 6 0.841621233572914
2 42 4714 438 0.34714651289396 500 3 0.841621233572914
90 85 4998 161 0.20949755336158 500 1 0.841621233572914
49 22 994 386 0.383648623307236 100 7 0.841621233572914
20 50 1007 435 0.181809387123212 250 2 0.841621233572914
86 34 4561 221 0.147359572341666 250 4 0.841621233572914
5000 18 45
350 15 55
1000 20 65
350 16 40
1000 16 50
350 11 30
350 12 30
5000 18 60
1000 17 40
5000 16 45
