50 10 10
71 62 12 1
17 16 10 4
35 81 4 16
5 69 13 1
33 16 10 0
3 45 8 1
90 78 13 1
61 88 10 25
21 18 12 9
46 25 19 16
45 98 8 9
38 47 9 16
38 96 2 16
70 37 15 9
76 75 5 16
15 1 8 0
99 58 13 25
89 59 9 4
35 37 9 25
19 74 13 0
19 15 9 16
94 46 8 1
14 4 10 0
81 55 10 1
47 19 2 25
49 78 15 4
47 58 8 9
40 41 10 9
71 39 12 4
81 8 9 4
5 13 5 9
36 58 5 0
25 71 15 9
70 33 12 1
8 32 6 16
9 74 5 4
5 61 16 9
63 1 9 1
68 26 1 16
99 57 9 4
86 66 12 1
89 99 13 0
21 49 9 16
35 100 15 4
20 32 9 4
61 59 11 4
62 92 5 0
31 31 12 16
64 12 10 0
86 63 14 4
76 81 5443 286 0.317468716781586 500 1 1.2815515655446
12 88 4662 193 0.387533917028923 500 1 1.2815515655446
68 11 5090 289 0.206181352667045 250 2 1.2815515655446
67 50 7950 227 0.0589982841978781 100 2 1.2815515655446
91 8 5141 416 0.156809283627663 500 1 1.2815515655446
96 73 7696 366 0.176997405127622 500 7 1.2815515655446
20 43 7737 285 0.350758292765822 500 4 1.2815515655446
88 34 7804 203 0.245621122564189 500 4 1.2815515655446
11 66 4973 471 0.278603553562425 500 1 1.2815515655446
51 98 5254 387 0.476271945924964 100 3 1.2815515655446
350 19 35
1000 20 65
5000 13 65
1000 16 30
1000 10 25
5000 14 35
1000 18 50
5000 18 40
5000 20 60
350 16 35
