50 20 20
25 4 9 16
37 12 11 4
28 79 8 25
18 29 9 9
3 89 17 9
41 23 9 1
37 27 14 1
55 2 9 25
35 37 4 1
5 96 9 25
75 9 5 1
42 32 9 1
56 72 22 16
5 28 8 9
24 81 11 4
40 64 9 25
89 62 10 16
13 63 12 9
10 81 3 9
78 26 9 4
17 9 5 9
89 30 6 9
80 35 16 25
12 36 13 16
89 96 8 16
97 22 5 25
67 94 12 16
96 30 14 1
12 12 12 1
75 38 14 9
79 41 8 0
65 90 16 9
8 12 7 4
96 49 5 25
15 74 13 16
45 34 11 25
92 6 6 0
17 82 11 1
55 88 14 16
74 81 5 9
5 89 4 25
70 90 13 16
70 50 8 4
35 56 7 1
88 50 12 4
76 96 13 1
96 30 10 1
51 84 16 16
4 46 6 16
59 73 14 4
22 73 7608 360 0.47452303404687 250 3 1.2815515655446
78 16 1012 246 0.403052747759502 100 3 1.2815515655446
67 6 1024 430 0.233999495194294 100 3 1.2815515655446
16 78 999 375 0.205254747779109 100 3 1.2815515655446
40 37 7606 442 0.0489640274364501 500 6 1.2815515655446
45 77 7832 211 0.241666730765719 500 6 1.2815515655446
20 21 5359 320 0.15380668792408 250 7 1.2815515655446
34 59 5252 326 0.161599005619064 500 7 1.2815515655446
30 64 8102 361 0.466607629363425 250 1 1.2815515655446
99 75 1021 189 0.108992928841617 500 6 1.2815515655446
51 48 5009 263 0.441071299496107 100 3 1.2815515655446
10 62 1006 230 0.299341792310588 250 7 1.2815515655446
74 68 7831 220 0.102424086928368 250 1 1.2815515655446
20 86 8259 187 0.168902397467755 100 5 1.2815515655446
29 77 7793 261 0.0869933745916933 100 7 1.2815515655446
11 83 8204 347 0.242935635375325 100 1 1.2815515655446
31 25 994 500 0.282671205061488 250 5 1.2815515655446
76 58 1012 215 0.408009238839149 500 1 1.2815515655446
97 39 4801 224 0.336772297346033 100 1 1.2815515655446
26 39 5061 304 0.157585130517837 500 2 1.2815515655446
5000 11 65
1000 15 70
350 14 70
1000 19 65
350 18 30
1000 14 35
350 20 75
350 14 40
5000 10 60
1000 17 30
1000 12 45
350 20 40
5000 19 40
350 14 55
350 16 45
1000 12 25
5000 15 40
350 11 35
1000 12 35
5000 18 35
