50 20 20
99 53 14 25
2 82 11 4
96 68 7 4
1 8 6 16
73 20 15 4
18 65 8 1
29 6 11 16
72 66 7 1
15 35 14 1
83 47 14 0
2 13 2 25
80 39 21 16
29 20 8 9
55 48 8 9
98 73 11 1
76 70 10 0
45 90 13 4
30 76 15 4
57 47 4 1
10 59 11 25
77 89 13 4
54 51 5 9
77 32 12 4
75 36 13 16
90 81 14 1
71 92 6 4
39 37 10 0
73 7 11 1
37 29 11 16
44 86 5 16
93 32 11 16
2 69 9 16
78 38 9 1
24 48 9 1
71 25 27 16
44 15 17 9
83 80 8 9
5 68 7 0
94 47 13 16
37 63 14 1
69 24 5 4
83 53 2 9
73 87 8 16
34 18 5 16
64 70 1 16
54 19 11 0
41 76 11 0
78 13 6 4
71 66 15 16
16 77 1 9
81 56 982 390 0.23522326501552 100 4 0.2533471031358
38 33 7881 263 0.373931551552378 500 4 0.2533471031358
8 31 4422 283 0.337640514220111 250 7 0.2533471031358
96 66 998 243 0.172399335822556 100 5 0.2533471031358
60 78 8090 187 0.0560840162285604 100 5 0.2533471031358
44 27 7454 167 0.369119030940346 250 3 0.2533471031358
78 83 1005 407 0.223269901569001 100 6 0.2533471031358
48 63 8435 432 0.0586470006778836 250 7 0.2533471031358
11 28 991 406 0.186337743024342 500 1 0.2533471031358
68 47 999 297 0.363790684957057 500 3 0.2533471031358
43 70 970 377 0.359428111957386 250 2 0.2533471031358
18 40 4974 348 0.115040916618891 100 2 0.2533471031358
100 25 942 240 0.0644350437563844 100 5 0.2533471031358
86 57 7822 297 0.224394082829822 500 1 0.2533471031358
86 67 8031 446 0.182423731372692 100 6 0.2533471031358
7 91 5296 193 0.249183558844961 100 7 0.2533471031358
26 87 4895 370 0.23961795299314 250 2 0.2533471031358
1 99 996 184 0.188626266613137 100 4 0.2533471031358
18 44 7503 370 0.0782188458251767 100 6 0.2533471031358
80 16 985 453 0.287173944618553 100 5 0.2533471031358
5000 17 30
5000 11 30
1000 16 70
5000 12 35
5000 17 65
350 17 40
1000 17 55
350 10 25
350 18 45
350 15 70
350 18 50
350 14 60
1000 19 35
1000 13 40
5000 14 45
5000 15 60
5000 11 60
5000 19 50
1000 13 30
1000 18 45
