50 10 10
38 29 8 16
59 16 13 1
77 49 7 9
68 65 7 9
74 57 14 4
71 37 13 1
74 43 9 1
23 81 12 1
32 92 9 4
71 84 11 0
89 71 6 25
93 40 17 9
88 77 15 1
41 16 12 1
45 11 13 9
72 62 10 25
62 81 10 9
21 100 6 16
26 8 16 4
98 9 7 16
24 77 17 16
25 1 11 16
73 73 12 16
38 70 1 9
24 41 16 4
23 49 15 16
1 74 11 0
79 68 7 9
78 13 10 0
3 15 13 1
77 11 10 1
34 88 12 4
40 16 5 16
44 70 7 16
56 97 12 0
67 99 5 25
76 75 9 0
77 74 7 16
40 93 13 1
2 57 18 9
66 79 6 1
51 32 8 4
58 19 12 1
53 93 9 4
61 5 14 0
55 44 9 1
90 70 6 1
5 84 15 1
97 1 10 0
33 55 13 0
20 1 4945 182 0.0948875754931942 250 5 0.524400512708041
80 96 996 358 0.458373275983613 100 6 0.524400512708041
32 98 4900 324 0.213225770464633 500 4 0.524400512708041
98 87 4854 481 0.20298832858447 500 2 0.524400512708041
12 64 981 496 0.118041330280248 250 1 0.524400512708041
41 27 1015 339 0.230880278416444 250 6 0.524400512708041
53 64 8272 489 0.172471146022435 100 6 0.524400512708041
40 53 4934 307 0.14581172865117 100 1 0.524400512708041
47 73 1012 218 0.384354028971866 100 7 0.524400512708041
86 98 5191 411 0.341559134861454 500 3 0.524400512708041
5000 19 40
5000 17 60
1000 14 40
350 13 35
1000 17 65
1000 11 70
5000 13 35
1000 12 55
5000 15 25
5000 15 40
