50 10 10
37 96 8 1
60 89 13 1
17 40 12 1
12 2 10 16
99 43 6 25
34 93 15 9
11 33 8 16
37 21 8 1
57 64 9 4
72 35 12 1
85 1 13 16
84 52 7 4
22 85 2 16
31 86 11 1
27 41 5 1
8 91 1 25
66 82 7 1
98 76 10 16
31 97 6 9
51 15 11 1
79 91 14 16
86 91 11 4
18 38 13 1
2 41 4 9
93 86 9 9
84 55 5 16
15 56 11 16
64 60 12 1
90 25 5 16
84 10 9 9
48 95 20 16
62 39 3 9
65 44 1 16
42 2 8 4
65 59 10 16
25 14 3 9
44 71 14 9
30 55 17 16
67 86 11 4
35 57 5 1
96 88 9 0
34 82 6 1
50 48 1 9
49 81 10 16
49 8 9 16
75 59 8 4
51 69 11 4
52 66 15 16
78 71 7 4
68 45 17 9
7 17 998 260 0.11519282648107 500 1 0.524400512708041
62 41 8121 371 0.377379424597602 500 3 0.524400512708041
3 56 8060 421 0.307414645347744 100 1 0.524400512708041
40 13 5030 357 0.308183933964465 500 4 0.524400512708041
54 58 4781 244 0.0780979976733215 250 6 0.524400512708041
35 62 7827 450 0.0612340096966364 100 5 0.524400512708041
94 69 4973 153 0.374689334656578 500 1 0.524400512708041
20 40 7369 167 0.143404595965985 500 6 0.524400512708041
43 41 8457 242 0.2827848859597 500 3 0.524400512708041
55 96 1012 255 0.321042638986837 500 6 0.524400512708041
5000 14 65
350 13 45
1000 19 55
5000 10 25
350 12 30
350 20 40
1000 13 35
5000 11 35
5000 19 40
350 10 50
