Computing_Time,Num_Of_Var,IWSP,VAP,MTSP,Inventory_Cost,Total_Fixed_Cost,Total_Variable_Cost,Crossover_Rate,Mutation_Rate
34531,10,140829.78,96742.0,2126.0,1012.7760069551131,43075.0,96742.0,0.6,0.4
34393,16,179967.45,95433.0,1769.0,1417.449963709657,83117.0,95433.0,0.6,0.4
34283,11,151177.81,103588.0,2129.0,1320.8052102170398,46269.0,103588.0,0.6,0.4
34362,12,159544.46,101638.0,2000.0,1364.4608849120227,56542.0,101638.0,0.6,0.4
36003,15,161632.96,91406.0,1841.0,1396.9630854192699,68830.0,91406.0,0.6,0.4
37908,14,157519.28,99881.0,1769.0,1345.2790842349755,56293.0,99881.0,0.6,0.4
37834,16,181016.25,99711.0,1736.0,1542.2517723005121,79763.0,99711.0,0.6,0.4
37862,16,166162.07,94364.0,1763.0,1480.0736525763134,70318.0,94364.0,0.6,0.4
36971,12,156495.39,97918.0,2082.0,1154.3850355554612,57423.0,97918.0,0.6,0.4
36821,19,183610.47,99109.0,1849.0,1682.4694857564723,82819.0,99109.0,0.6,0.4,12,160260.17,98030.0,2092.0,1239.167250401674,60991.0,98030.0,0.6,0.4
36814,15,169803.57,100132.0,1861.0,1454.5674477429056,68217.0,100132.0,0.6,0.4
37284,16,163802.65,99178.0,1821.0,1588.6466768001314,63036.0,99178.0,0.6,0.4
37322,13,168218.37,97753.0,1855.0,1326.3668557082106,69139.0,97753.0,0.6,0.4
36829,11,152427.53,99697.0,2012.0,1420.5314381058608,51310.0,99697.0,0.6,0.4,7,141296.45,105820.0,2624.0,925.4467005123518,34551.0,105820.0,0.6,0.4
37157,10,148317.11,98698.0,2113.0,1164.113177402076,48455.0,98698.0,0.6,0.4
37642,15,169483.81,99925.0,1808.0,1340.8089225903889,68218.0,99925.0,0.6,0.4
36720,16,175482.18,93684.0,1702.0,1507.179003351475,80291.0,93684.0,0.6,0.4
36690,10,159001.33,103739.0,2205.0,950.329736355779,54312.0,103739.0,0.6,0.4
36975,12,149806.5,101266.0,2055.0,1447.4970872719305,47093.0,101266.0,0.6,0.4,14,168207.28,96367.0,1948.0,1397.2832110267002,70443.0,96367.0,0.6,0.4,11,137149.49,97767.0,2119.0,1310.4869356654676,38072.0,97767.0,0.6,0.4
36979,13,170130.05,100832.0,2025.0,1280.045053112547,68018.0,100832.0,0.6,0.4
