Computing_Time,Num_Of_Var,IWSP,VAP,MTSP,Inventory_Cost,Total_Fixed_Cost,Total_Variable_Cost,Crossover_Rate,Mutation_Rate
36091,10,146243.09,87465.0,3073.0,1475.0852115393077,57303.0,87465.0,0.6,0.3,5,141641.07,103385.0,4152.0,911.0650739648529,37345.0,103385.0,0.6,0.3
36315,8,120005.98,85163.0,2972.0,1574.983694816128,33268.0,85163.0,0.6,0.3
35540,6,123987.19,91567.0,3284.0,837.1905611609051,31583.0,91567.0,0.6,0.3,7,128534.13,89309.0,3102.0,1255.1347925835055,37970.0,89309.0,0.6,0.3
35704,8,129646.87,84381.0,2937.0,1404.8736381084725,43861.0,84381.0,0.6,0.3
34705,7,122722.4,87602.0,3029.0,1118.4029341161797,34002.0,87602.0,0.6,0.3,10,146947.92,82181.0,2674.0,1239.919798709048,63527.0,82181.0,0.6,0.3,10,141613.6,84078.0,2748.0,1449.5950165848697,56086.0,84078.0,0.6,0.3
35521,11,146415.74,82792.0,2636.0,1617.7410349846239,62006.0,82792.0,0.6,0.3,5,125282.96,96541.0,3805.0,1008.9558144799121,27733.0,96541.0,0.6,0.3
35167,12,153745.17,81522.0,2518.0,1410.174236097505,70813.0,81522.0,0.6,0.3,8,134175.22,88751.0,3126.0,1460.224707454315,43964.0,88751.0,0.6,0.3
34879,5,105043.39,90827.0,3365.0,1120.394879687771,13096.0,90827.0,0.6,0.3
35125,8,132806.81,87559.0,3152.0,1634.8095492369146,43613.0,87559.0,0.6,0.3,9,140784.58,87590.0,3010.0,1487.5819829191792,51707.0,87590.0,0.6,0.3
35456,8,133938.72,88468.0,3137.0,1007.7238747347257,44463.0,88468.0,0.6,0.3
35535,5,125398.16,96305.0,3787.0,1003.160559996518,28090.0,96305.0,0.6,0.3,8,133449.9,89221.0,3101.0,1460.8977674304906,42768.0,89221.0,0.6,0.3
35688,8,132713.75,90118.0,3161.0,1233.7517325791937,41362.0,90118.0,0.6,0.3
35007,6,126500.8,89530.0,3097.0,1096.8038588303693,35874.0,89530.0,0.6,0.3
35149,5,125715.66,97315.0,3773.0,1155.6639171644892,27245.0,97315.0,0.6,0.3
34999,7,125479.8,87875.0,3044.0,1157.8044573537918,36447.0,87875.0,0.6,0.3
35195,11,152961.98,82920.0,2566.0,1424.9803356191376,68617.0,82920.0,0.6,0.3,5,120955.54,99557.0,3865.0,1144.5403380707473,20254.0,99557.0,0.6,0.3,5,126581.94,99018.0,4056.0,980.937330557429,26583.0,99018.0,0.6,0.3
35214,7,125058.03,86764.0,2957.0,1380.0314354644465,36914.0,86764.0,0.6,0.3
34902,5,114238.49,96210.0,4012.0,1176.4913004241641,16852.0,96210.0,0.6,0.3,7,127139.36,92760.0,3409.0,926.358596613601,33453.0,92760.0,0.6,0.3
34537,5,114571.55,96290.0,3790.0,905.5450069048673,17376.0,96290.0,0.6,0.3,6,126928.6,92017.0,3482.0,844.6015791238316,34067.0,92017.0,0.6,0.3
34691,6,137911.78,97617.0,3895.0,1217.7819659477732,39077.0,97617.0,0.6,0.3
