Computing_Time,Num_Of_Var,IWSP,VAP,MTSP,Inventory_Cost,Total_Fixed_Cost,Total_Variable_Cost,Crossover_Rate,Mutation_Rate
41813,22,205025.51,100601.0,1441.0,1491.5095503910843,102933.0,100601.0,0.8,0.2
41177,16,199268.65,101431.0,1764.0,1365.650962713565,96472.0,101431.0,0.8,0.2
41767,19,215207.82,106260.0,1408.0,1317.8242911967907,107630.0,106260.0,0.8,0.2
41052,23,204518.02,95629.0,1336.0,1473.0237165560727,107416.0,95629.0,0.8,0.2
41011,20,204168.46,106243.0,1449.0,1455.4607035940148,96470.0,106243.0,0.8,0.2
41811,20,193694.44,101997.0,1431.0,1440.43991213671,90257.0,101997.0,0.8,0.2
41467,17,193215.85,107897.0,1712.0,1129.8491562686547,84189.0,107897.0,0.8,0.2
44052,17,172320.11,105572.0,1473.0,1222.1144128147603,65526.0,105572.0,0.8,0.2,17,174499.74,101986.0,1534.0,1164.7377312055323,71349.0,101986.0,0.8,0.2
98840,17,201486.55,108591.0,1813.0,1211.553808365268,91684.0,108591.0,0.8,0.2
79627,21,205324.93,105457.0,1432.0,1440.9296620138957,98427.0,105457.0,0.8,0.2,19,199496.45,106855.0,1517.0,1440.454122956095,91201.0,106855.0,0.8,0.2
76139,21,226450.4,109014.0,1675.0,1354.4016356440754,116082.0,109014.0,0.8,0.2
77052,17,193378.44,108698.0,1677.0,1315.4380132031217,83365.0,108698.0,0.8,0.2
76696,18,194772.38,109262.0,1690.0,1351.3750293667665,84159.0,109262.0,0.8,0.2
72134,15,191539.01,109673.0,1828.0,1293.0083797474297,80573.0,109673.0,0.8,0.2
73245,19,192536.28,103871.0,1682.0,1276.2809897128036,87389.0,103871.0,0.8,0.2,16,188257.45,105594.0,1791.0,1328.4473210284966,81335.0,105594.0,0.8,0.2
73623,22,213116.4,105221.0,1432.0,1442.4035097757153,106453.0,105221.0,0.8,0.2
74987,21,211724.47,105881.0,1488.0,1460.46654897148,104383.0,105881.0,0.8,0.2
75485,15,176206.66,108025.0,1710.0,1336.6648912540466,66845.0,108025.0,0.8,0.2
71365,18,194333.38,105984.0,1561.0,1353.3801845466137,86996.0,105984.0,0.8,0.2
58638,11,159961.96,111261.0,2011.0,965.9552956225251,47735.0,111261.0,0.8,0.2
