Computing_Time,Num_Of_Var,IWSP,VAP,MTSP,Inventory_Cost,Total_Fixed_Cost,Total_Variable_Cost,Crossover_Rate,Mutation_Rate
36718,15,142671.17,83277.0,1658.0,1495.1716871307249,57899.0,83277.0,0.7,0.4
36095,16,160123.9,81085.0,1723.0,1385.8981702632705,77653.0,81085.0,0.7,0.4
36128,13,147071.54,82011.0,1827.0,1325.5366115231807,63735.0,82011.0,0.7,0.4,19,189943.89,82315.0,1553.0,1617.8922054399497,106011.0,82315.0,0.7,0.4
36332,14,155826.2,88148.0,1993.0,1343.1988389661979,66335.0,88148.0,0.7,0.4,17,157049.47,82274.0,1499.0,1493.46955335183,73282.0,82274.0,0.7,0.4
35931,14,158719.57,85946.0,1966.0,1222.5701703944123,71551.0,85946.0,0.7,0.4
35881,19,172292.54,82750.0,1648.0,1728.5363972008433,87814.0,82750.0,0.7,0.4
38412,10,139757.32,87732.0,2162.0,1064.316591688149,50961.0,87732.0,0.7,0.4,18,175494.13,83387.0,1631.0,1538.134074506598,90569.0,83387.0,0.7,0.4
37841,17,158503.4,78118.0,1598.0,1584.3964776448188,78801.0,78118.0,0.7,0.4
37281,18,169586.0,79054.0,1558.0,1642.9979081459041,88889.0,79054.0,0.7,0.4
37211,15,162650.59,84662.0,1762.0,1514.5861027017495,76474.0,84662.0,0.7,0.4
37206,17,169204.02,81754.0,1513.0,1687.0229764297503,85763.0,81754.0,0.7,0.4
37369,12,143535.54,85132.0,1857.0,1172.539589694851,57231.0,85132.0,0.7,0.4
36974,17,183300.59,85107.0,1700.0,1575.5917408306464,96618.0,85107.0,0.7,0.4
36640,16,150805.71,82083.0,1662.0,1598.7050891811436,67124.0,82083.0,0.7,0.4
38212,17,163815.03,83657.0,1605.0,1553.0322334607501,78605.0,83657.0,0.7,0.4
38450,13,162742.9,86016.0,1809.0,1197.903403674443,75529.0,86016.0,0.7,0.4
37917,14,162472.59,85724.0,1822.0,1324.5930853475884,75424.0,85724.0,0.7,0.4
38088,15,155074.42,83682.0,1639.0,1560.4184846890084,69832.0,83682.0,0.7,0.4
42472,18,170744.45,82483.0,1470.0,1630.4486243026888,86631.0,82483.0,0.7,0.4
42646,15,152503.84,83943.0,1651.0,1579.835535482093,66981.0,83943.0,0.7,0.4
