Computing_Time,Num_Of_Var,IWSP,VAP,MTSP,Inventory_Cost,Total_Fixed_Cost,Total_Variable_Cost,Crossover_Rate,Mutation_Rate
266090,28,295858.61,180975.0,5748.0,3772.610592747441,111111.0,180975.0,0.5,0.2
267353,24,280886.46,186322.0,6172.0,3645.4628809927,90919.0,186322.0,0.5,0.2
271184,27,310051.78,184706.0,5968.0,4073.779303208785,121272.0,184706.0,0.5,0.2
267001,22,300730.52,191756.0,6508.0,4046.524171270346,104928.0,191756.0,0.5,0.2
268223,24,302548.08,185847.0,6158.0,3622.0817002600393,113079.0,185847.0,0.5,0.2,22,292903.12,187915.0,6348.0,3334.1204609583147,101654.0,187915.0,0.5,0.2
264454,28,301485.39,182417.0,5837.0,4058.3888816273757,115010.0,182417.0,0.5,0.2,26,284989.65,182234.0,5893.0,3571.64620798828,99184.0,182234.0,0.5,0.2,22,277904.62,193683.0,6673.0,3582.615068381376,80639.0,193683.0,0.5,0.2,27,293356.13,182021.0,5843.0,3949.1257354804584,107386.0,182021.0,0.5,0.2
263722,24,293368.38,185822.0,6029.0,3691.3836663001466,103855.0,185822.0,0.5,0.2
263369,18,262835.57,202582.0,7124.0,3040.5662959924575,57213.0,202582.0,0.5,0.2,26,318636.13,184328.0,5848.0,4308.133543357325,130000.0,184328.0,0.5,0.2
266500,26,302301.9,188047.0,6349.0,3650.8988854830845,110604.0,188047.0,0.5,0.2
264952,27,285393.47,183726.0,5984.0,3877.4668363440146,97790.0,183726.0,0.5,0.2,25,281607.59,185931.0,6060.0,3675.5857037797095,92001.0,185931.0,0.5,0.2
263146,25,295629.44,182833.0,5833.0,4077.4428136282568,108719.0,182833.0,0.5,0.2
263245,26,301618.64,181996.0,5960.0,3537.6411027914196,116085.0,181996.0,0.5,0.2,20,274734.85,192783.0,6632.0,3275.8471771587097,78676.0,192783.0,0.5,0.2,25,286936.65,188817.0,6364.0,3495.647865005973,94624.0,188817.0,0.5,0.2
268159,25,303432.21,185362.0,6071.0,4029.2105379992577,114041.0,185362.0,0.5,0.2
267977,24,291747.71,188367.0,6381.0,3453.705758601115,99927.0,188367.0,0.5,0.2,26,304921.08,183887.0,6087.0,4159.080413269145,116875.0,183887.0,0.5,0.2
263039,29,317439.06,179728.0,5661.0,4358.0550147034,133353.0,179728.0,0.5,0.2
269815,18,271927.77,199985.0,7297.0,3442.7718626936494,68500.0,199985.0,0.5,0.2,25,300901.83,182069.0,5920.0,3724.826393301071,115108.0,182069.0,0.5,0.2
265875,22,283870.4,189892.0,6407.0,3219.3958829982757,90759.0,189892.0,0.5,0.2,26,303063.25,181327.0,5891.0,3860.2462814522323,117876.0,181327.0,0.5,0.2
268152,25,300861.65,183344.0,6184.0,3861.650638920465,113656.0,183344.0,0.5,0.2
267264,24,288133.59,182568.0,6070.0,3732.591514529534,101833.0,182568.0,0.5,0.2,26,312572.22,186095.0,5853.0,4117.216630156546,122360.0,186095.0,0.5,0.2
268846,21,277623.98,193370.0,6594.0,3858.9756987388105,80395.0,193370.0,0.5,0.2,26,299500.67,176920.0,5635.0,3816.667519212207,118764.0,176920.0,0.5,0.2,24,290910.29,183822.0,6006.0,4113.291868191666,102975.0,183822.0,0.5,0.2
