Computing_Time,Num_Of_Var,IWSP,VAP,MTSP,Inventory_Cost,Total_Fixed_Cost,Total_Variable_Cost,Crossover_Rate,Mutation_Rate
34775,11,134979.54,72694.0,2743.0,1151.5437490714223,61134.0,72694.0,0.5,0.4,9,128765.17,76307.0,3072.0,1139.1687697673644,51319.0,76307.0,0.5,0.4,9,125751.74,80173.0,3212.0,930.7391057132384,44648.0,80173.0,0.5,0.4,9,122758.7,80028.0,3299.0,926.7030412507183,41804.0,80028.0,0.5,0.4,14,150375.86,69929.0,2623.0,1352.8572334298183,79094.0,69929.0,0.5,0.4,10,129483.96,74767.0,2950.0,1254.9571663342722,53462.0,74767.0,0.5,0.4
34561,5,119448.41,93155.0,4693.0,806.4090478494699,25487.0,93155.0,0.5,0.4,10,134614.51,72972.0,2830.0,1333.5105472903879,60309.0,72972.0,0.5,0.4,8,127592.73,78509.0,3278.0,1318.7265995640903,47765.0,78509.0,0.5,0.4,10,131635.45,73502.0,2840.0,1325.4532593100027,56808.0,73502.0,0.5,0.4,13,141595.88,72971.0,2750.0,1396.8804827007227,67228.0,72971.0,0.5,0.4,13,148846.96,69802.0,2621.0,1247.9617175399908,77797.0,69802.0,0.5,0.4,6,126007.26,90824.0,4076.0,1000.2572014153934,34183.0,90824.0,0.5,0.4
34890,7,120160.5,82757.0,3584.0,1098.498727319644,36305.0,82757.0,0.5,0.4,10,129926.78,79271.0,3294.0,1076.784907484212,49579.0,79271.0,0.5,0.4,10,130169.59,72006.0,2798.0,1157.5934082638878,57006.0,72006.0,0.5,0.4
34803,10,128769.06,73856.0,2964.0,1162.059463275581,53751.0,73856.0,0.5,0.4,4,116202.71,97250.0,4668.0,892.707273273115,18060.0,97250.0,0.5,0.4,11,137464.62,74993.0,2888.0,1234.6155228595599,61237.0,74993.0,0.5,0.4
34839,13,143097.47,71098.0,2617.0,1300.468382104136,70699.0,71098.0,0.5,0.4,9,129580.55,76018.0,3071.0,897.5483948949629,52665.0,76018.0,0.5,0.4,11,139722.33,73218.0,2812.0,1309.3294414586842,65195.0,73218.0,0.5,0.4,10,126896.36,76256.0,3000.0,1190.3625493688203,49450.0,76256.0,0.5,0.4,5,106193.08,85021.0,3936.0,1106.0756176045793,20066.0,85021.0,0.5,0.4,12,143058.71,72060.0,2844.0,1340.7071524356008,69658.0,72060.0,0.5,0.4,8,122907.18,80742.0,3565.0,1278.1822392360755,40887.0,80742.0,0.5,0.4
34579,7,119607.34,80062.0,3506.0,987.3431887789749,38558.0,80062.0,0.5,0.4,10,131265.88,72605.0,2820.0,1270.876262358217,57390.0,72605.0,0.5,0.4,5,119042.41,87004.0,3870.0,794.4074985395887,31244.0,87004.0,0.5,0.4,7,118956.05,86115.0,3973.0,941.0496546111201,31900.0,86115.0,0.5,0.4
35014,9,124318.24,73911.0,2920.0,1185.2424065828616,49222.0,73911.0,0.5,0.4,12,147976.0,73317.0,2770.0,1459.0004734321963,73200.0,73317.0,0.5,0.4,7,120889.33,84822.0,3678.0,805.3345597050081,35262.0,84822.0,0.5,0.4,11,142916.48,73005.0,2881.0,1232.4788650252317,68679.0,73005.0,0.5,0.4,11,141132.6,75166.0,2820.0,1196.5982748266483,64770.0,75166.0,0.5,0.4,10,122375.04,75506.0,2973.0,1098.0414601586199,45771.0,75506.0,0.5,0.4,11,143227.62,73757.0,2827.0,1539.6249375068426,67931.0,73757.0,0.5,0.4
34858,8,118351.03,80162.0,3319.0,1148.0297239357135,37041.0,80162.0,0.5,0.4,12,151976.02,73815.0,2670.0,1557.0176650166168,76604.0,73815.0,0.5,0.4,10,130888.69,76632.0,3042.0,1424.6919063394116,52832.0,76632.0,0.5,0.4,11,135053.06,72087.0,2822.0,1227.0589477954884,61739.0,72087.0,0.5,0.4,10,131423.36,74132.0,2858.0,1092.3605899115275,56199.0,74132.0,0.5,0.4,13,155210.82,71878.0,2759.0,1537.8168920945634,81795.0,71878.0,0.5,0.4,5,108988.0,85202.0,3858.0,1026.002781580519,22760.0,85202.0,0.5,0.4,8,129799.5,79955.0,3352.0,1174.502953387299,48670.0,79955.0,0.5,0.4
34861,9,132338.16,75616.0,2989.0,1203.160466728045,55519.0,75616.0,0.5,0.4,11,146608.13,72980.0,2833.0,1524.1322919525433,72104.0,72980.0,0.5,0.4
34723,11,125147.14,69709.0,2637.0,1222.1420489871737,54216.0,69709.0,0.5,0.4,7,112130.29,82417.0,3492.0,811.2861340956098,28902.0,82417.0,0.5,0.4
34963,10,140030.68,74548.0,2921.0,1256.683091867022,64226.0,74548.0,0.5,0.4,11,138480.4,75704.0,2982.0,1262.4035636513856,61514.0,75704.0,0.5,0.4,10,137553.63,75877.0,2951.0,1201.634439884521,60475.0,75877.0,0.5,0.4,7,114942.84,77469.0,3290.0,1182.8357311357147,36291.0,77469.0,0.5,0.4,10,126470.92,75913.0,3049.0,982.9210202665683,49575.0,75913.0,0.5,0.4
35084,10,130725.97,73250.0,2820.0,1231.9655847256554,56244.0,73250.0,0.5,0.4,6,117694.35,85965.0,3716.0,765.3479265369207,30964.0,85965.0,0.5,0.4,13,142098.49,70132.0,2593.0,1381.4852528713018,70585.0,70132.0,0.5,0.4,10,127487.06,73112.0,2920.0,1360.063678677802,53015.0,73112.0,0.5,0.4,11,139430.81,73526.0,2751.0,1273.8123780560531,64631.0,73526.0,0.5,0.4,6,112470.12,84144.0,3799.0,1071.1150009178075,27255.0,84144.0,0.5,0.4,10,123775.89,74164.0,2988.0,1185.8936033912992,48426.0,74164.0,0.5,0.4
34827,10,136753.28,75720.0,2987.0,1266.277856181312,59767.0,75720.0,0.5,0.4,9,126508.13,77363.0,3160.0,1293.1348179985139,47852.0,77363.0,0.5,0.4,7,120248.0,80087.0,3454.0,876.000159344,39285.0,80087.0,0.5,0.4,12,149861.43,71495.0,2686.0,1442.4281355183537,76924.0,71495.0,0.5,0.4,15,160318.95,68133.0,2395.0,1671.9480054009214,90514.0,68133.0,0.5,0.4,6,117349.01,84947.0,3884.0,763.0098194327287,31639.0,84947.0,0.5,0.4
34294,10,132321.33,74597.0,2948.0,1528.3336579044362,56196.0,74597.0,0.5,0.4,9,130386.99,73922.0,2984.0,1431.993513891734,55033.0,73922.0,0.5,0.4,10,123300.87,75955.0,3060.0,1186.8702674435021,46159.0,75955.0,0.5,0.4,10,136374.84,74432.0,2873.0,1589.8432514328629,60353.0,74432.0,0.5,0.4
34653,7,118123.85,78002.0,3218.0,1088.8504239113045,39033.0,78002.0,0.5,0.4,10,129223.02,74374.0,2890.0,1316.0171976083902,53533.0,74374.0,0.5,0.4,10,138521.12,73386.0,2841.0,1296.1158407235828,63839.0,73386.0,0.5,0.4
34789,10,121530.06,71860.0,2701.0,1089.062309494271,48581.0,71860.0,0.5,0.4,5,115959.53,88440.0,4030.0,878.5264436727558,26641.0,88440.0,0.5,0.4
34449,10,124217.31,74151.0,2853.0,1298.3107238829607,48768.0,74151.0,0.5,0.4,12,145672.49,72062.0,2678.0,1155.4884763495047,72455.0,72062.0,0.5,0.4
34612,10,127566.8,76135.0,2924.0,1478.7963884550595,49953.0,76135.0,0.5,0.4,9,122400.03,76415.0,3016.0,1093.0281467793852,44892.0,76415.0,0.5,0.4,10,125609.67,74390.0,2938.0,1317.6748253146673,49902.0,74390.0,0.5,0.4,11,140382.94,73527.0,2795.0,1297.9413440978938,65558.0,73527.0,0.5,0.4,8,121112.89,78779.0,3355.0,1038.8883597385197,41295.0,78779.0,0.5,0.4
34530,10,129737.57,75622.0,2873.0,1224.5745725221896,52891.0,75622.0,0.5,0.4,12,138841.88,70896.0,2760.0,1057.8809565329796,66888.0,70896.0,0.5,0.4,8,121863.22,80590.0,3433.0,1181.2231258034221,40092.0,80590.0,0.5,0.4,8,117720.1,80161.0,3448.0,1005.1043857706072,36554.0,80161.0,0.5,0.4,10,133774.88,74936.0,2919.0,1162.8845660585273,57676.0,74936.0,0.5,0.4
34907,11,130570.38,71070.0,2733.0,1453.3807048549145,58047.0,71070.0,0.5,0.4,6,111164.98,90206.0,4220.0,658.9783931673729,20300.0,90206.0,0.5,0.4,7,123967.11,88360.0,4038.0,872.1105718760451,34735.0,88360.0,0.5,0.4,12,139712.34,69479.0,2578.0,1422.3368838477359,68811.0,69479.0,0.5,0.4
