Computing_Time,Num_Of_Var,IWSP,VAP,MTSP,Inventory_Cost,Total_Fixed_Cost,Total_Variable_Cost,Crossover_Rate,Mutation_Rate
9443,3,42920.15,29155.0,1808.0,317.15372293730593,13448.0,29155.0,0.8,0.3,4,45511.88,26199.0,1527.0,408.88057089448273,18904.0,26199.0,0.8,0.3
9113,5,50048.95,26801.0,1439.0,405.94859230384026,22842.0,26801.0,0.8,0.3
9184,6,55067.94,26698.0,1321.0,499.942454903123,27870.0,26698.0,0.8,0.3
9064,7,55255.93,22300.0,1021.0,538.9326087286055,32417.0,22300.0,0.8,0.3
9153,3,34633.56,27236.0,1580.0,302.5550227777454,7095.0,27236.0,0.8,0.3
9190,6,45651.38,24168.0,1223.0,447.37829442590373,21036.0,24168.0,0.8,0.3
9257,6,54033.58,25702.0,1295.0,506.5806085915111,27825.0,25702.0,0.8,0.3,7,54939.46,21897.0,1000.0,534.4571178030832,32508.0,21897.0,0.8,0.3
9353,8,60706.02,22553.0,1044.0,617.0224810060741,37536.0,22553.0,0.8,0.3,3,39962.47,28861.0,1705.0,300.4655360230248,10801.0,28861.0,0.8,0.3
9237,6,42734.11,24177.0,1245.0,462.1082954126684,18095.0,24177.0,0.8,0.3
9091,6,47515.13,22417.0,1166.0,480.1271971942449,24618.0,22417.0,0.8,0.3
9271,4,47184.62,28197.0,1710.0,386.6181273382159,18601.0,28197.0,0.8,0.3
9145,3,41942.43,27615.0,1627.0,457.43182436724123,13870.0,27615.0,0.8,0.3
9250,4,49778.52,27185.0,1477.0,496.5191111484901,22097.0,27185.0,0.8,0.3
9202,5,53107.22,25714.0,1328.0,488.2222684932272,26905.0,25714.0,0.8,0.3
9301,7,60007.96,22909.0,1004.0,618.9627612958545,36480.0,22909.0,0.8,0.3,6,54206.94,25837.0,1323.0,499.942454903123,27870.0,25837.0,0.8,0.3
9333,6,48529.43,23884.0,1297.0,500.4308483472912,24145.0,23884.0,0.8,0.3
9201,6,49524.13,24426.0,1234.0,480.1271971942449,24618.0,24426.0,0.8,0.3
9369,4,43431.3,24405.0,1273.0,380.302618050048,18646.0,24405.0,0.8,0.3
9264,4,42884.3,23858.0,1250.0,380.302618050048,18646.0,23858.0,0.8,0.3,5,52017.48,24221.0,1227.0,580.4767088614631,27216.0,24221.0,0.8,0.3
9257,3,39106.47,28005.0,1598.0,300.4655360230248,10801.0,28005.0,0.8,0.3
