Computing_Time,Num_Of_Var,IWSP,VAP,MTSP,Inventory_Cost,Total_Fixed_Cost,Total_Variable_Cost,Crossover_Rate,Mutation_Rate
36322,15,166468.79,78137.0,1746.0,1336.7916495764653,86995.0,78137.0,0.5,0.2
36391,17,157499.14,76701.0,1599.0,1512.1417638768505,79286.0,76701.0,0.5,0.2,18,175618.96,77444.0,1564.0,1672.9562259452885,96502.0,77444.0,0.5,0.2
37007,15,140826.96,77442.0,1724.0,1347.9554379656097,62037.0,77442.0,0.5,0.2
36880,15,153008.13,76295.0,1700.0,1586.1322195418998,75127.0,76295.0,0.5,0.2
37195,15,149780.73,74165.0,1801.0,1458.7277271779228,74157.0,74165.0,0.5,0.2
36143,15,131288.01,74196.0,1837.0,1498.0072630985655,55594.0,74196.0,0.5,0.2
36493,15,148600.7,76697.0,1739.0,1545.7004922075278,70358.0,76697.0,0.5,0.2,13,156728.65,76225.0,1964.0,1253.654723080391,79250.0,76225.0,0.5,0.2
37188,16,150522.58,72739.0,1726.0,1542.5831097632445,76241.0,72739.0,0.5,0.2
36615,16,138544.35,76484.0,1619.0,1367.3508271549676,60693.0,76484.0,0.5,0.2
36281,15,145680.08,78249.0,1759.0,1441.084890544148,65990.0,78249.0,0.5,0.2
37885,20,175328.49,75860.0,1415.0,1686.4889849831652,97782.0,75860.0,0.5,0.2
38158,17,154068.02,76879.0,1720.0,1560.0159864961388,75629.0,76879.0,0.5,0.2
36177,14,136265.46,74303.0,1823.0,1175.461785332822,60787.0,74303.0,0.5,0.2
37825,14,144775.39,78259.0,1826.0,1257.3885183963278,65259.0,78259.0,0.5,0.2
37275,14,144672.55,78791.0,1822.0,1497.5488694726205,64384.0,78791.0,0.5,0.2,14,125095.2,73815.0,1948.0,1389.2010095661217,49891.0,73815.0,0.5,0.2
36998,16,157357.57,77247.0,1727.0,1539.5654173782525,78571.0,77247.0,0.5,0.2
36667,14,150439.99,77859.0,1785.0,1300.9948153446621,71280.0,77859.0,0.5,0.2
37356,15,157803.47,80258.0,1884.0,1433.4666788456527,76112.0,80258.0,0.5,0.2
36054,14,149548.91,81233.0,1996.0,1521.9079187789116,66794.0,81233.0,0.5,0.2
36136,12,136424.31,84000.0,2291.0,1087.306084788796,51337.0,84000.0,0.5,0.2
