Computing_Time,Num_Of_Var,IWSP,VAP,MTSP,Inventory_Cost,Total_Fixed_Cost,Total_Variable_Cost,Crossover_Rate,Mutation_Rate
80925,13,171492.33,116210.0,3735.0,1709.3257252581052,53573.0,116210.0,0.9,0.2
82165,12,162938.92,120558.0,4191.0,1487.921608676112,40893.0,120558.0,0.9,0.2
79073,16,179163.43,110517.0,3542.0,1747.432575251955,66899.0,110517.0,0.9,0.2
80672,11,171414.37,121798.0,4137.0,1534.3654590867257,48082.0,121798.0,0.9,0.2
77442,7,165946.7,138178.0,5614.0,945.7012171679792,26823.0,138178.0,0.9,0.2,12,167320.15,116579.0,3903.0,1471.1451834453742,49270.0,116579.0,0.9,0.2
76622,12,178333.02,118253.0,3952.0,1469.0195261860576,58611.0,118253.0,0.9,0.2
80231,9,150288.02,124720.0,4596.0,1253.0196717493782,24315.0,124720.0,0.9,0.2
78433,11,154235.86,111154.0,4108.0,1172.8617186597135,41909.0,111154.0,0.9,0.2,16,175065.22,113297.0,3564.0,1701.221748428804,60067.0,113297.0,0.9,0.2
77948,13,171067.72,112515.0,3790.0,1723.7153224546473,56829.0,112515.0,0.9,0.2
82376,9,156030.17,120556.0,4380.0,1411.168208574556,34063.0,120556.0,0.9,0.2
86790,11,169530.84,120608.0,4220.0,1598.8395872659141,47324.0,120608.0,0.9,0.2
88403,10,154577.34,113638.0,4161.0,1595.3374042294495,39344.0,113638.0,0.9,0.2
87147,9,165409.72,133095.0,5057.0,1115.7248826076545,31199.0,133095.0,0.9,0.2,7,154811.74,128628.0,5081.0,1184.7372766409117,24999.0,128628.0,0.9,0.2
85282,12,176676.32,116182.0,4067.0,1533.3237095176883,58961.0,116182.0,0.9,0.2
78414,14,176076.79,112205.0,3470.0,1627.7910512943683,62244.0,112205.0,0.9,0.2
77946,12,160365.64,117291.0,4092.0,1476.6425879624862,41598.0,117291.0,0.9,0.2,10,150041.21,127376.0,4621.0,1377.208535734046,21288.0,127376.0,0.9,0.2
78260,16,173871.66,109468.0,3454.0,1694.6589041975597,62709.0,109468.0,0.9,0.2
81144,14,174882.12,112889.0,3606.0,1734.1228387829533,60259.0,112889.0,0.9,0.2
80781,11,164579.17,111994.0,3971.0,1515.1736857561739,51070.0,111994.0,0.9,0.2
79453,11,167126.98,118823.0,4197.0,1622.9786948944325,46681.0,118823.0,0.9,0.2
