Computing_Time,Num_Of_Var,IWSP,VAP,MTSP,Inventory_Cost,Total_Fixed_Cost,Total_Variable_Cost,Crossover_Rate,Mutation_Rate
38976,11,138343.56,88282.0,2692.0,1523.5620685598367,48538.0,88282.0,0.9,0.5
38984,8,129674.74,94752.0,3360.0,1166.7354807607292,33756.0,94752.0,0.9,0.5
39184,8,134053.26,92790.0,3128.0,1014.2553593356952,40249.0,92790.0,0.9,0.5
39276,9,134451.33,92150.0,3183.0,1078.330486982803,41223.0,92150.0,0.9,0.5
39221,8,127223.61,93499.0,3222.0,1360.6085935155722,32364.0,93499.0,0.9,0.5,9,133060.95,92755.0,3230.0,1234.9532304027737,39071.0,92755.0,0.9,0.5,9,143448.86,89937.0,2861.0,1525.8592331354203,51986.0,89937.0,0.9,0.5
38944,6,143923.48,101520.0,3815.0,1310.4777683745717,41093.0,101520.0,0.9,0.5
39038,10,145794.08,89952.0,2856.0,1469.0820168435457,54373.0,89952.0,0.9,0.5
39562,11,148565.08,88810.0,2789.0,1478.080724688133,58277.0,88810.0,0.9,0.5
38957,8,118126.75,93812.0,3175.0,1216.7543915409076,23098.0,93812.0,0.9,0.5,10,141334.37,89315.0,2815.0,1903.368628269786,50116.0,89315.0,0.9,0.5
38820,10,140248.27,91601.0,2955.0,1453.2704053824966,47194.0,91601.0,0.9,0.5
38574,10,148846.27,89946.0,2977.0,1454.265753992421,57446.0,89946.0,0.9,0.5,6,125647.44,103057.0,4063.0,951.4369916576095,21639.0,103057.0,0.9,0.5
38698,6,132027.45,99802.0,3710.0,1534.4497823865115,30691.0,99802.0,0.9,0.5,7,135900.31,98100.0,3556.0,1567.310901185254,36233.0,98100.0,0.9,0.5
40084,8,129050.63,94060.0,3184.0,1270.631903883878,33720.0,94060.0,0.9,0.5
42160,6,142378.3,99297.0,3572.0,1584.295849133067,41497.0,99297.0,0.9,0.5,5,131107.15,102587.0,3832.0,1461.1543902425856,27059.0,102587.0,0.9,0.5
40778,13,177835.93,90895.0,2841.0,1733.9306175952022,85207.0,90895.0,0.9,0.5,10,141599.11,90501.0,2945.0,1581.1120160962519,49517.0,90501.0,0.9,0.5
40967,6,115225.63,97403.0,3599.0,1016.6290771914879,16806.0,97403.0,0.9,0.5
42132,7,122124.19,95818.0,3322.0,1638.1895753105637,24668.0,95818.0,0.9,0.5
43660,11,143451.97,87407.0,2744.0,1881.9708370525452,54163.0,87407.0,0.9,0.5
40347,13,160521.66,88990.0,2828.0,1780.6642590020106,69751.0,88990.0,0.9,0.5,6,137473.16,105760.0,4029.0,992.1555245191028,30721.0,105760.0,0.9,0.5
39890,7,136826.26,99457.0,3761.0,1355.2626896416807,36014.0,99457.0,0.9,0.5
