Computing_Time,Num_Of_Var,IWSP,VAP,MTSP,Inventory_Cost,Total_Fixed_Cost,Total_Variable_Cost,Crossover_Rate,Mutation_Rate
268303,24,283617.18,172013.0,6135.0,4348.184962838803,107256.0,172013.0,0.6,0.2
266348,20,310904.97,196957.0,7617.0,3905.968551979456,110042.0,196957.0,0.6,0.2
268754,26,309409.11,172498.0,6056.0,4084.107571789366,132827.0,172498.0,0.6,0.2
260945,25,292647.28,174278.0,6098.0,4446.28197049991,113923.0,174278.0,0.6,0.2
271662,19,280521.73,190242.0,7537.0,4003.7263216883784,86276.0,190242.0,0.6,0.2
270605,21,284122.35,182894.0,6868.0,3975.3509711387373,97253.0,182894.0,0.6,0.2
264834,25,293033.57,175098.0,6242.0,4771.57357446464,113164.0,175098.0,0.6,0.2
264547,25,307911.61,178716.0,6366.0,3807.609130330502,125388.0,178716.0,0.6,0.2
265556,20,277645.03,181427.0,6903.0,4058.0288718092506,92160.0,181427.0,0.6,0.2
267912,31,323954.91,169229.0,5768.0,4845.906524185393,149880.0,169229.0,0.6,0.2,18,279502.98,191385.0,7371.0,3493.9844421656103,84624.0,191385.0,0.6,0.2
266539,25,297190.12,177175.0,6415.0,4712.117980789055,115303.0,177175.0,0.6,0.2
266026,26,304182.38,175985.0,6103.0,4340.375407911393,123857.0,175985.0,0.6,0.2
268801,24,297823.69,183131.0,6828.0,4352.6904278430575,110340.0,183131.0,0.6,0.2
265297,24,296163.01,179519.0,6451.0,4725.011982976308,111919.0,179519.0,0.6,0.2
266998,29,298253.5,172763.0,5901.0,4952.502861632358,120538.0,172763.0,0.6,0.2
265412,22,292491.36,183027.0,6737.0,3985.357092393241,105479.0,183027.0,0.6,0.2
267574,21,287309.68,182586.0,6755.0,4262.676534570608,100461.0,182586.0,0.6,0.2,20,278281.59,184740.0,6951.0,4055.586994662725,89486.0,184740.0,0.6,0.2
261050,26,307335.9,174219.0,6109.0,4517.904833687277,128599.0,174219.0,0.6,0.2
262813,26,305884.36,180954.0,6185.0,4704.355317398144,120226.0,180954.0,0.6,0.2,23,293693.25,181138.0,6501.0,4621.248458341901,107934.0,181138.0,0.6,0.2
266036,28,280848.52,171528.0,6142.0,4791.523987167639,104529.0,171528.0,0.6,0.2
