Computing_Time,Num_Of_Var,IWSP,VAP,MTSP,Inventory_Cost,Total_Fixed_Cost,Total_Variable_Cost,Crossover_Rate,Mutation_Rate
38942,9,127610.12,77127.0,3218.0,1412.1227015698023,49071.0,77127.0,0.7,0.2
39404,8,121730.78,79406.0,3287.0,1365.7845433679538,40959.0,79406.0,0.7,0.2,10,134098.89,72237.0,2799.0,1467.8941441535615,60394.0,72237.0,0.7,0.2
38325,6,108293.0,78916.0,3461.0,1180.0044363840188,28197.0,78916.0,0.7,0.2,10,127775.58,73224.0,2843.0,1273.577407075213,53278.0,73224.0,0.7,0.2
40061,12,123636.66,69821.0,2625.0,1754.6613436681598,52061.0,69821.0,0.7,0.2,6,117927.98,89665.0,4202.0,1086.9766631908522,27176.0,89665.0,0.7,0.2
38389,11,135615.39,72593.0,2663.0,1482.3917278108493,61540.0,72593.0,0.7,0.2
39847,9,115014.47,76099.0,3089.0,1475.4702637398623,37440.0,76099.0,0.7,0.2,10,120620.84,76836.0,3086.0,1513.8428099692778,42271.0,76836.0,0.7,0.2
39190,8,113902.61,82165.0,3550.0,1537.6075680994375,30200.0,82165.0,0.7,0.2,11,127002.04,71183.0,2778.0,1708.036101087362,54111.0,71183.0,0.7,0.2
39098,10,121790.71,77162.0,3037.0,1411.7103035111927,43217.0,77162.0,0.7,0.2,11,129063.52,77043.0,3095.0,1517.5210236454202,50503.0,77043.0,0.7,0.2
41628,8,126324.84,80099.0,3288.0,1559.839550342943,44666.0,80099.0,0.7,0.2
38642,5,124274.26,89625.0,4116.0,1035.2614049272506,33614.0,89625.0,0.7,0.2
38527,9,113254.4,76557.0,3314.0,1590.39951424215,35107.0,76557.0,0.7,0.2
38786,8,111901.46,76646.0,3113.0,1161.4594418958723,34094.0,76646.0,0.7,0.2
39025,10,115697.15,75023.0,3108.0,1532.1529978850099,39142.0,75023.0,0.7,0.2
39942,9,127650.65,76665.0,3252.0,1521.6488274216447,49464.0,76665.0,0.7,0.2
40274,8,111523.23,78900.0,3416.0,1488.2269284208958,31135.0,78900.0,0.7,0.2,11,133616.62,73484.0,2744.0,1714.6202044940565,58418.0,73484.0,0.7,0.2
38886,11,119990.96,74033.0,2931.0,1654.9639121433088,44303.0,74033.0,0.7,0.2
39442,10,126381.96,75336.0,3045.0,1524.958456696641,49521.0,75336.0,0.7,0.2,8,102216.92,78259.0,3221.0,1463.9206849452162,22494.0,78259.0,0.7,0.2
38601,10,112498.02,74499.0,2998.0,1513.0155140296188,36486.0,74499.0,0.7,0.2,10,117388.71,72931.0,2836.0,1371.7142151912187,43086.0,72931.0,0.7,0.2,12,122127.37,71749.0,2724.0,1666.3679163094978,48712.0,71749.0,0.7,0.2
39091,7,120677.0,83542.0,3725.0,1266.9970305903958,35868.0,83542.0,0.7,0.2
38478,10,120676.38,73521.0,2939.0,1405.3755545625054,45750.0,73521.0,0.7,0.2
