Computing_Time,Num_Of_Var,IWSP,VAP,MTSP,Inventory_Cost,Total_Fixed_Cost,Total_Variable_Cost,Crossover_Rate,Mutation_Rate
34149,9,129265.02,92967.0,3052.0,1862.0225087455503,34436.0,92967.0,0.5,0.2
33778,5,125357.4,101549.0,3777.0,1381.404120067669,22427.0,101549.0,0.5,0.2,7,132598.68,96881.0,3237.0,1369.6787300921228,34348.0,96881.0,0.5,0.2
34138,6,124899.78,100151.0,3727.0,1328.781535269889,23420.0,100151.0,0.5,0.2
33403,6,130321.01,102000.0,3771.0,1428.0091590191983,26893.0,102000.0,0.5,0.2,6,135464.33,100632.0,3740.0,1283.3261634420055,33549.0,100632.0,0.5,0.2
33009,9,128754.61,95748.0,3240.0,1494.6069200396519,31512.0,95748.0,0.5,0.2,7,120823.53,94911.0,3247.0,1527.53333048823,24385.0,94911.0,0.5,0.2
32693,7,135466.39,95523.0,3195.0,1490.3927612106172,38453.0,95523.0,0.5,0.2
33426,7,136930.38,94443.0,3246.0,1496.383971029269,40991.0,94443.0,0.5,0.2,7,131083.16,97035.0,3295.0,1692.1551742220263,32356.0,97035.0,0.5,0.2
32412,6,128413.3,99642.0,3472.0,1463.301505768661,27308.0,99642.0,0.5,0.2,4,122117.43,109389.0,4263.0,808.4251336994494,11920.0,109389.0,0.5,0.2
32863,6,126204.3,101810.0,3909.0,1303.300398056922,23091.0,101810.0,0.5,0.2
33895,7,122373.31,96349.0,3323.0,1612.3110422216037,24412.0,96349.0,0.5,0.2,7,133653.66,96383.0,3296.0,1741.655233011791,35529.0,96383.0,0.5,0.2,7,135642.89,96086.0,3295.0,1593.8874102281982,37963.0,96086.0,0.5,0.2
32297,7,126066.3,95578.0,3231.0,1771.2982239842102,28717.0,95578.0,0.5,0.2,8,130775.32,93161.0,3054.0,1663.3181961977837,35951.0,93161.0,0.5,0.2
32710,7,124567.98,94816.0,3312.0,1670.9765441710756,28081.0,94816.0,0.5,0.2,7,125844.98,96093.0,3252.0,1670.9765441710756,28081.0,96093.0,0.5,0.2,7,124920.23,95334.0,3295.0,1535.2327442239102,28051.0,95334.0,0.5,0.2
32963,4,135493.64,112655.0,4900.0,1276.637279658602,21562.0,112655.0,0.5,0.2
33661,7,133176.48,96791.0,3287.0,1547.4839248373373,34838.0,96791.0,0.5,0.2,7,133325.64,96049.0,3288.0,1408.6431122891152,35868.0,96049.0,0.5,0.2
33388,7,132611.46,96266.0,3318.0,1555.4630088836457,34790.0,96266.0,0.5,0.2,6,127923.46,103549.0,3710.0,1227.4583346237118,23147.0,103549.0,0.5,0.2
34964,3,130348.54,116127.0,5022.0,808.5419750739825,13413.0,116127.0,0.5,0.2
33360,5,133722.04,102643.0,3908.0,1191.0398631989683,29888.0,102643.0,0.5,0.2
34040,8,130259.78,95053.0,3215.0,1832.7808888272348,33374.0,95053.0,0.5,0.2
34206,5,129722.25,102542.0,3997.0,1193.2464254589843,25987.0,102542.0,0.5,0.2
33479,7,129150.95,97086.0,3383.0,1382.9486555730712,30682.0,97086.0,0.5,0.2,7,131158.81,95421.0,3278.0,1414.8117677455796,34323.0,95421.0,0.5,0.2
