Computing_Time,Num_Of_Var,IWSP,VAP,MTSP,Inventory_Cost,Total_Fixed_Cost,Total_Variable_Cost,Crossover_Rate,Mutation_Rate
39254,8,145179.43,97363.0,3436.0,1409.426224360055,46407.0,97363.0,0.8,0.3
38745,6,133295.61,99518.0,3691.0,1211.6096014269297,32566.0,99518.0,0.8,0.3
38883,11,147629.85,87555.0,2914.0,1229.8460771822988,58845.0,87555.0,0.8,0.3
39004,10,147997.82,89436.0,2972.0,1237.82389717874,57324.0,89436.0,0.8,0.3,6,126226.86,95817.0,3504.0,1245.859310649807,29164.0,95817.0,0.8,0.3,9,135294.86,90160.0,3102.0,1397.8562794339773,43737.0,90160.0,0.8,0.3
39583,10,140974.81,90732.0,3028.0,1427.8070807209,48815.0,90732.0,0.8,0.3
39172,10,137008.87,92505.0,3101.0,1089.8719441634348,43414.0,92505.0,0.8,0.3
39247,7,142985.06,96575.0,3420.0,1362.0581128349172,45048.0,96575.0,0.8,0.3,9,144765.39,90938.0,3018.0,1109.3863709443829,52718.0,90938.0,0.8,0.3
39404,11,147461.02,86121.0,2788.0,1469.0233415501941,59871.0,86121.0,0.8,0.3,9,126775.86,88850.0,3032.0,1390.862749700298,36535.0,88850.0,0.8,0.3,10,138355.08,88907.0,2937.0,1367.0760743226303,48081.0,88907.0,0.8,0.3
39617,9,140836.25,90310.0,3140.0,982.2526819046707,49544.0,90310.0,0.8,0.3
40073,8,128935.88,89027.0,3095.0,1373.878201049282,38535.0,89027.0,0.8,0.3
39622,10,150084.72,93898.0,3190.0,1270.7231182360047,54916.0,93898.0,0.8,0.3
39592,7,123155.48,95861.0,3502.0,1004.4769227784791,26290.0,95861.0,0.8,0.3
39198,5,125909.5,99979.0,3902.0,1143.4977910173793,24787.0,99979.0,0.8,0.3
39768,10,134310.72,87811.0,2926.0,1352.7199674826197,45147.0,87811.0,0.8,0.3
38885,8,129820.71,93578.0,3398.0,1131.7131128457108,35111.0,93578.0,0.8,0.3,9,131457.94,88597.0,2941.0,1060.9417862194537,41800.0,88597.0,0.8,0.3
39019,9,139033.82,88952.0,3002.0,1133.8204780893593,48948.0,88952.0,0.8,0.3
38885,9,128416.72,90792.0,3009.0,1297.72074287458,36327.0,90792.0,0.8,0.3,12,140339.99,84184.0,2582.0,1426.9885482552986,54729.0,84184.0,0.8,0.3
39086,8,138567.16,96071.0,3455.0,1289.159708123504,41207.0,96071.0,0.8,0.3
39194,9,137046.99,92875.0,3152.0,1240.9874296816863,42931.0,92875.0,0.8,0.3
39542,7,141192.43,98160.0,3563.0,1299.4264360938841,41733.0,98160.0,0.8,0.3,8,141606.64,94046.0,3243.0,1072.63886226533,46488.0,94046.0,0.8,0.3
