Computing_Time,Num_Of_Var,IWSP,VAP,MTSP,Inventory_Cost,Total_Fixed_Cost,Total_Variable_Cost,Crossover_Rate,Mutation_Rate
9135,2,47797.19,41678.0,2266.0,247.1876862935003,5872.0,41678.0,0.7,0.3
8992,4,55102.73,35631.0,1769.0,573.7331091376024,18898.0,35631.0,0.7,0.3
9077,4,51507.75,34962.0,1610.0,554.7506361737749,15991.0,34962.0,0.7,0.3,6,56084.72,30695.0,1237.0,619.7199713815985,24770.0,30695.0,0.7,0.3
9019,4,49012.75,36669.0,1850.0,473.7459189031691,11870.0,36669.0,0.7,0.3
8939,6,53112.34,32248.0,1372.0,645.336943375306,20219.0,32248.0,0.7,0.3
9037,6,58933.91,34318.0,1520.0,753.906507537269,23862.0,34318.0,0.7,0.3
8882,4,49903.64,34884.0,1576.0,339.641267072082,14680.0,34884.0,0.7,0.3
9044,4,54073.52,34868.0,1577.0,458.52470594072884,18747.0,34868.0,0.7,0.3
8961,3,53297.75,41786.0,1990.0,322.7481597848157,11189.0,41786.0,0.7,0.3
8988,4,56102.95,34325.0,1515.0,602.9518971347389,21175.0,34325.0,0.7,0.3
8899,5,51652.78,34064.0,1403.0,597.7849457254777,16991.0,34064.0,0.7,0.3
9034,6,58688.06,32051.0,1279.0,764.0602353859264,25873.0,32051.0,0.7,0.3
8942,3,49372.37,38003.0,1820.0,479.3711845692331,10890.0,38003.0,0.7,0.3,5,58544.79,34935.0,1420.0,747.7874610798231,22862.0,34935.0,0.7,0.3
8996,5,61119.48,35470.0,1564.0,727.4849198597661,24922.0,35470.0,0.7,0.3
9001,5,55834.24,33961.0,1418.0,594.2371401137802,21279.0,33961.0,0.7,0.3
9034,5,55654.35,34314.0,1453.0,706.3545098874408,20634.0,34314.0,0.7,0.3
8989,3,56183.41,41755.0,2196.0,332.41243040519396,14096.0,41755.0,0.7,0.3
9027,6,63688.85,32260.0,1413.0,738.8542872897234,30690.0,32260.0,0.7,0.3
9050,5,57197.64,33227.0,1313.0,629.6410681484281,23341.0,33227.0,0.7,0.3
8960,2,50014.76,43614.0,2528.0,377.76011849923935,6023.0,43614.0,0.7,0.3,4,50863.75,34318.0,1586.0,554.7506361737749,15991.0,34318.0,0.7,0.3
