Computing_Time,Num_Of_Var,IWSP,VAP,MTSP,Inventory_Cost,Total_Fixed_Cost,Total_Variable_Cost,Crossover_Rate,Mutation_Rate
8958,4,71683.58,42023.0,1684.0,737.5787877018327,28923.0,42023.0,0.7,0.4
8900,7,75581.66,35633.0,1126.0,839.6637697618138,39109.0,35633.0,0.7,0.4,3,60354.14,43240.0,1890.0,436.13957174617155,16678.0,43240.0,0.7,0.4
8790,2,60460.57,51497.0,2375.0,498.5701823814607,8465.0,51497.0,0.7,0.4
8749,5,63996.21,37221.0,1237.0,709.2137549396394,26066.0,37221.0,0.7,0.4
8772,6,68510.71,36746.0,1251.0,724.7110484806312,31040.0,36746.0,0.7,0.4,6,70725.3,36342.0,1166.0,594.3040007708086,33789.0,36342.0,0.7,0.4
8842,6,72340.13,37620.0,1303.0,628.1306206498775,34092.0,37620.0,0.7,0.4
8963,2,62005.68,45906.0,2091.0,406.67592654555074,15693.0,45906.0,0.7,0.4
8772,4,66118.84,36450.0,1279.0,728.8409802284257,28940.0,36450.0,0.7,0.4
8846,3,61321.47,39750.0,1693.0,558.4727625666552,21013.0,39750.0,0.7,0.4
8793,5,65134.92,38320.0,1399.0,618.9231421838197,26196.0,38320.0,0.7,0.4
8711,3,65422.89,43930.0,1789.0,635.8912281809588,20857.0,43930.0,0.7,0.4
9030,5,69555.51,38120.0,1408.0,604.509077587787,30831.0,38120.0,0.7,0.4
8887,5,68879.37,38767.0,1445.0,807.3668288410652,29305.0,38767.0,0.7,0.4
8787,5,70919.77,36968.0,1241.0,657.7740887027292,33294.0,36968.0,0.7,0.4
8850,3,63186.3,42035.0,1715.0,597.3046513673013,20554.0,42035.0,0.7,0.4
8806,6,68231.62,36499.0,1187.0,822.623851099281,30910.0,36499.0,0.7,0.4,5,60380.65,36821.0,1232.0,732.6518269724104,22827.0,36821.0,0.7,0.4,6,70571.88,34803.0,1139.0,826.8841813066489,34942.0,34803.0,0.7,0.4
8854,5,66995.51,35560.0,1282.0,604.509077587787,30831.0,35560.0,0.7,0.4
8800,3,57285.94,39280.0,1634.0,664.9433275161828,17341.0,39280.0,0.7,0.4
8794,5,69427.51,37992.0,1375.0,604.509077587787,30831.0,37992.0,0.7,0.4
8819,5,65548.94,37355.0,1336.0,731.9432268694493,27462.0,37355.0,0.7,0.4
