Computing_Time,Num_Of_Var,IWSP,VAP,MTSP,Inventory_Cost,Total_Fixed_Cost,Total_Variable_Cost,Crossover_Rate,Mutation_Rate
9252,5,64370.02,32299.0,1327.0,541.0167237780397,31530.0,32299.0,0.5,0.2
9126,5,59338.49,35018.0,1520.0,481.48890468742024,23839.0,35018.0,0.5,0.2
9233,9,84298.7,30127.0,1038.0,706.6955207677897,53465.0,30127.0,0.5,0.2
9268,8,80681.13,31046.0,1166.0,631.1317093980249,49004.0,31046.0,0.5,0.2
9001,3,58591.79,39671.0,1791.0,515.7916537495722,18405.0,39671.0,0.5,0.2,6,65954.3,33150.0,1314.0,509.3028577748007,32295.0,33150.0,0.5,0.2
9232,8,76808.12,30301.0,1039.0,678.1206143114098,45829.0,30301.0,0.5,0.2
8906,5,67882.1,33249.0,1362.0,442.0974098039924,34191.0,33249.0,0.5,0.2
8768,6,65617.81,33451.0,1325.0,528.8118780935117,31638.0,33451.0,0.5,0.2
9048,9,85186.7,31015.0,1137.0,706.6955207677897,53465.0,31015.0,0.5,0.2
8671,6,60333.99,31751.0,1144.0,488.98885119284944,28094.0,31751.0,0.5,0.2
9019,6,68696.52,32112.0,1288.0,609.516560274336,35975.0,32112.0,0.5,0.2,5,65138.08,33092.0,1357.0,564.0803790102469,31482.0,33092.0,0.5,0.2
9649,4,57648.81,34229.0,1425.0,413.810280216716,23006.0,34229.0,0.5,0.2
9122,7,69830.09,32758.0,1193.0,575.0929954413305,36497.0,32758.0,0.5,0.2,6,65760.4,33260.0,1296.0,595.3996509629508,31905.0,33260.0,0.5,0.2
9255,7,63880.48,29608.0,1029.0,547.4795242554039,33725.0,29608.0,0.5,0.2
9233,6,61372.23,32106.0,1153.0,520.2332020537291,28746.0,32106.0,0.5,0.2
9251,5,56216.82,31866.0,1229.0,463.81989082459586,23887.0,31866.0,0.5,0.2
9134,5,57436.82,33086.0,1323.0,463.81989082459586,23887.0,33086.0,0.5,0.2
9291,5,60277.49,35957.0,1593.0,481.48890468742024,23839.0,35957.0,0.5,0.2
9371,8,75096.0,29924.0,1041.0,540.003318827158,44632.0,29924.0,0.5,0.2
9336,5,65952.08,33906.0,1387.0,564.0803790102469,31482.0,33906.0,0.5,0.2
