Computing_Time,Num_Of_Var,IWSP,VAP,MTSP,Inventory_Cost,Total_Fixed_Cost,Total_Variable_Cost,Crossover_Rate,Mutation_Rate
40511,8,111800.71,77136.0,3219.0,1227.7102058328019,33437.0,77136.0,0.8,0.3,8,110717.36,79596.0,3397.0,1142.3554990903365,29979.0,79596.0,0.8,0.3
45165,8,103730.38,75836.0,3016.0,1318.3750795030942,26576.0,75836.0,0.8,0.3
45120,11,125508.8,71292.0,2718.0,1353.7992711417166,52863.0,71292.0,0.8,0.3
44725,10,118513.48,73996.0,2979.0,1160.480196597805,43357.0,73996.0,0.8,0.3,10,118715.65,70721.0,2640.0,1351.650356519784,46643.0,70721.0,0.8,0.3
44635,10,120064.0,70570.0,2766.0,1313.9992336512385,48180.0,70570.0,0.8,0.3
45734,8,108852.95,73564.0,2950.0,1105.94810509225,34183.0,73564.0,0.8,0.3
46363,10,121589.37,69979.0,2682.0,1122.3732090920696,50488.0,69979.0,0.8,0.3,7,117390.02,76671.0,3410.0,1244.0188720012025,39475.0,76671.0,0.8,0.3
45376,10,116201.48,72611.0,2750.0,1211.4795788752385,42379.0,72611.0,0.8,0.3
48724,11,122263.47,69023.0,2565.0,1371.4740569074793,51869.0,69023.0,0.8,0.3
46355,11,129804.09,69325.0,2623.0,1451.0916696805727,59028.0,69325.0,0.8,0.3
45298,9,126998.88,72652.0,2926.0,1293.8762697672594,53053.0,72652.0,0.8,0.3
44968,10,119307.61,70687.0,2860.0,1348.611198420274,47272.0,70687.0,0.8,0.3,12,119457.55,69658.0,2761.0,1394.5542197561838,48405.0,69658.0,0.8,0.3
45096,8,107662.29,75539.0,3112.0,1323.2931921384422,30800.0,75539.0,0.8,0.3
44541,11,122959.35,70101.0,2770.0,1328.350179870183,51530.0,70101.0,0.8,0.3,9,108195.34,72277.0,2827.0,1193.3402793366251,34725.0,72277.0,0.8,0.3,12,124461.78,70478.0,2708.0,1322.7796739150638,52661.0,70478.0,0.8,0.3
46626,9,115856.07,76067.0,3182.0,1201.0749316293281,38588.0,76067.0,0.8,0.3
48134,10,119625.43,71889.0,2838.0,1098.430785288616,46638.0,71889.0,0.8,0.3
45760,10,117169.99,72078.0,2783.0,1329.9850826222219,43762.0,72078.0,0.8,0.3
44780,10,124233.56,75750.0,2973.0,1120.5565818509292,47363.0,75750.0,0.8,0.3
45630,10,116182.9,75093.0,2963.0,1327.8989225857197,39762.0,75093.0,0.8,0.3
45624,10,129576.79,74084.0,3009.0,1340.794936720013,54152.0,74084.0,0.8,0.3
