Computing_Time,Num_Of_Var,IWSP,VAP,MTSP,Inventory_Cost,Total_Fixed_Cost,Total_Variable_Cost,Crossover_Rate,Mutation_Rate
80520,17,188237.64,103369.0,2902.0,2328.6385006330106,82540.0,103369.0,0.9,0.3
80201,17,204757.94,105713.0,3012.0,2242.938336207204,96802.0,105713.0,0.9,0.3
79428,16,192651.49,108252.0,3214.0,2034.492932139558,82365.0,108252.0,0.9,0.3
79530,11,162110.33,115728.0,3749.0,1822.334719741717,44560.0,115728.0,0.9,0.3,19,194924.93,103869.0,2939.0,2185.9271110540963,88870.0,103869.0,0.9,0.3
80786,20,217533.22,106404.0,2973.0,2399.216445977012,108730.0,106404.0,0.9,0.3
80536,16,174232.57,103739.0,3044.0,2041.5707048761387,68452.0,103739.0,0.9,0.3
79523,11,173284.93,113557.0,3795.0,1866.9301029229841,57861.0,113557.0,0.9,0.3
79012,15,182715.73,106674.0,3231.0,2005.7299373832495,74036.0,106674.0,0.9,0.3
80503,17,191343.7,102928.0,2908.0,1954.6967119981375,86461.0,102928.0,0.9,0.3
80221,12,169085.97,111175.0,3358.0,2052.9681672534043,55858.0,111175.0,0.9,0.3
79921,16,190277.64,107004.0,3129.0,2220.636457960478,81053.0,107004.0,0.9,0.3
79173,18,195909.92,105707.0,3025.0,2407.915150544273,87795.0,105707.0,0.9,0.3
79908,14,186343.64,108087.0,3232.0,1970.637946241639,76286.0,108087.0,0.9,0.3
80294,13,174949.41,109023.0,3302.0,1916.4065767618629,64010.0,109023.0,0.9,0.3,16,181393.47,107289.0,3128.0,2208.469895099151,71896.0,107289.0,0.9,0.3
80346,16,176103.07,110461.0,3323.0,1952.0661188106212,63690.0,110461.0,0.9,0.3
81037,13,174052.29,107696.0,3329.0,2201.2933230647523,64155.0,107696.0,0.9,0.3
80098,17,204490.94,105485.0,3099.0,1985.937773234185,97020.0,105485.0,0.9,0.3,13,173213.79,113863.0,3602.0,1936.7859349800442,57414.0,113863.0,0.9,0.3
81211,18,204592.46,107716.0,3176.0,2164.4601443611905,94712.0,107716.0,0.9,0.3
80338,18,190849.44,103820.0,2828.0,2311.4365515298764,84718.0,103820.0,0.9,0.3
80254,14,178599.06,111557.0,3448.0,1880.062553649568,65162.0,111557.0,0.9,0.3
