Computing_Time,Num_Of_Var,IWSP,VAP,MTSP,Inventory_Cost,Total_Fixed_Cost,Total_Variable_Cost,Crossover_Rate,Mutation_Rate
13983,7,77908.19,55415.0,1355.0,634.1917325265655,21859.0,55415.0,0.8,0.4,7,91730.37,58341.0,1345.0,503.37281756776093,32886.0,58341.0,0.8,0.4,10,94465.29,54924.0,1281.0,481.29055710957925,39060.0,54924.0,0.8,0.4
13652,5,85903.0,61417.0,1703.0,375.9968722107864,24110.0,61417.0,0.8,0.4,5,75682.7,62554.0,1623.0,661.704148242294,12467.0,62554.0,0.8,0.4,8,87622.39,57693.0,1152.0,601.3858950707528,29328.0,57693.0,0.8,0.4
13619,9,99394.53,57867.0,1314.0,637.5319244219783,40890.0,57867.0,0.8,0.4,9,86783.92,58822.0,1361.0,585.9218991859768,27376.0,58822.0,0.8,0.4,6,72134.39,54128.0,1470.0,479.3866929303606,17527.0,54128.0,0.8,0.4,7,98282.86,58779.0,1313.0,458.8590225499793,39045.0,58779.0,0.8,0.4
13732,10,96456.06,53523.0,1285.0,502.05844922642325,42431.0,53523.0,0.8,0.4,10,93070.15,56418.0,1166.0,740.1453972125427,35912.0,56418.0,0.8,0.4,7,79045.48,53395.0,1409.0,588.4811042981893,25062.0,53395.0,0.8,0.4
13516,9,101777.75,56748.0,1202.0,641.7468152931957,44388.0,56748.0,0.8,0.4
13813,7,80019.44,53595.0,1242.0,609.4356191268423,25815.0,53595.0,0.8,0.4,11,89835.43,57176.0,1206.0,676.4297178623812,31983.0,57176.0,0.8,0.4,8,81195.02,47601.0,1221.0,755.0236474581797,32839.0,47601.0,0.8,0.4
13534,7,93287.76,52039.0,1260.0,441.7554678207389,40807.0,52039.0,0.8,0.4,8,87874.75,57932.0,1241.0,724.7512638617536,29218.0,57932.0,0.8,0.4,6,79088.89,57409.0,1327.0,579.8885419328517,21100.0,57409.0,0.8,0.4,9,85947.27,57619.0,1309.0,707.2717073381723,27621.0,57619.0,0.8,0.4,8,86217.29,52679.0,1250.0,407.2937768971099,33131.0,52679.0,0.8,0.4,8,85064.73,54540.0,1399.0,645.7282736791917,29879.0,54540.0,0.8,0.4
13690,11,85653.78,52607.0,1117.0,608.7777749863059,32438.0,52607.0,0.8,0.4,5,75199.78,58979.0,1551.0,411.7821068519286,15809.0,58979.0,0.8,0.4,9,91161.18,55242.0,1039.0,636.1751604550323,35283.0,55242.0,0.8,0.4
13595,7,85301.45,59588.0,1387.0,610.4515406164102,25103.0,59588.0,0.8,0.4,8,88344.23,58862.0,1356.0,491.23043801569133,28991.0,58862.0,0.8,0.4,10,112598.76,58551.0,1323.0,701.7576502583074,53346.0,58551.0,0.8,0.4,8,88511.83,55015.0,1403.0,745.8292004923122,32751.0,55015.0,0.8,0.4
13698,11,99161.17,58386.0,1310.0,652.1660224571797,40123.0,58386.0,0.8,0.4,7,82747.31,53056.0,1348.0,577.311360487673,29114.0,53056.0,0.8,0.4
13648,5,76627.31,56693.0,1378.0,327.31414833951294,19607.0,56693.0,0.8,0.4,8,94710.93,57826.0,1314.0,384.93381844938665,36500.0,57826.0,0.8,0.4,9,99413.59,58091.0,1216.0,620.5877755313177,40702.0,58091.0,0.8,0.4
13679,8,91450.56,57414.0,1159.0,532.5613746376641,33504.0,57414.0,0.8,0.4,10,85539.49,48976.0,1283.0,663.4853407649487,35900.0,48976.0,0.8,0.4
13558,4,77733.04,63063.0,1949.0,424.03970250995246,14246.0,63063.0,0.8,0.4,6,84173.28,59264.0,1533.0,472.2842721396098,24437.0,59264.0,0.8,0.4,9,96930.97,58473.0,1234.0,712.9656975510161,37745.0,58473.0,0.8,0.4,8,84590.69,54051.0,1282.0,503.6886837987087,30036.0,54051.0,0.8,0.4,6,79123.92,58938.0,1571.0,472.92167518493295,19713.0,58938.0,0.8,0.4,4,72722.52,57889.0,1986.0,346.5188263268077,14487.0,57889.0,0.8,0.4
13677,11,100244.68,56604.0,1167.0,652.6776997354999,42988.0,56604.0,0.8,0.4,11,107867.89,57165.0,1115.0,606.8899430845263,50096.0,57165.0,0.8,0.4,12,114332.92,50857.0,1007.0,677.9165943941331,62798.0,50857.0,0.8,0.4,13,111342.35,57411.0,1016.0,716.3519755784363,53215.0,57411.0,0.8,0.4,9,81484.28,49745.0,1281.0,624.2750790802361,31115.0,49745.0,0.8,0.4,8,91443.37,56419.0,1184.0,646.3748177521875,34378.0,56419.0,0.8,0.4
13690,9,85678.1,53523.0,1148.0,708.0952161482774,31447.0,53523.0,0.8,0.4,7,72105.64,49059.0,1285.0,747.6444708314147,22299.0,49059.0,0.8,0.4,9,100306.88,57226.0,1093.0,542.8778107539025,42538.0,57226.0,0.8,0.4
13589,7,78025.19,49562.0,1402.0,562.1939531187959,27901.0,49562.0,0.8,0.4,9,100672.27,58522.0,1385.0,558.2726252362439,41592.0,58522.0,0.8,0.4
13628,7,81072.49,52452.0,1271.0,484.49423180580516,28136.0,52452.0,0.8,0.4,10,92070.76,56291.0,1011.0,661.7562960667045,35118.0,56291.0,0.8,0.4,12,115947.09,56196.0,1066.0,669.0871452477795,59082.0,56196.0,0.8,0.4,9,87082.84,55633.0,1148.0,562.8354230831752,30887.0,55633.0,0.8,0.4,9,94787.54,53125.0,1257.0,554.5419359087726,41108.0,53125.0,0.8,0.4
13646,9,95101.92,57355.0,1367.0,504.9213240492263,37242.0,57355.0,0.8,0.4,9,95546.44,56906.0,1188.0,725.4420677662388,37915.0,56906.0,0.8,0.4
13652,7,95472.1,58472.0,1403.0,557.0985911455168,36443.0,58472.0,0.8,0.4,6,75767.92,58984.0,1451.0,549.9215434151142,16234.0,58984.0,0.8,0.4,8,96216.97,55317.0,1328.0,622.9651010941712,40277.0,55317.0,0.8,0.4
13586,9,85833.27,47279.0,1168.0,531.2745178008478,38023.0,47279.0,0.8,0.4,11,99469.39,51098.0,1009.0,656.3856424909736,47715.0,51098.0,0.8,0.4,8,82403.96,48137.0,1138.0,650.9587023488762,33616.0,48137.0,0.8,0.4
