Computing_Time,Num_Of_Var,IWSP,VAP,MTSP,Inventory_Cost,Total_Fixed_Cost,Total_Variable_Cost,Crossover_Rate,Mutation_Rate
8833,2,52475.03,46059.0,2444.0,324.03378970592917,6092.0,46059.0,0.7,0.4,5,63826.44,36494.0,1518.0,688.4418215025946,26644.0,36494.0,0.7,0.4
8706,5,61721.44,34389.0,1436.0,688.4418215025946,26644.0,34389.0,0.7,0.4
8739,3,54428.4,40125.0,1975.0,461.39547560324297,13842.0,40125.0,0.7,0.4,7,72714.62,32241.0,1231.0,858.6209699550923,39615.0,32241.0,0.7,0.4
8734,4,62711.85,36198.0,1670.0,653.8459975534574,25860.0,36198.0,0.7,0.4
8742,6,65295.61,36897.0,1572.0,759.6113342588908,27639.0,36897.0,0.7,0.4
8682,5,62046.02,34648.0,1525.0,754.0197665340717,26644.0,34648.0,0.7,0.4
8674,5,58844.72,34562.0,1483.0,643.7168892514132,23639.0,34562.0,0.7,0.4
8686,5,65688.87,34304.0,1407.0,663.8662249635935,30721.0,34304.0,0.7,0.4
8698,5,62628.72,38346.0,1724.0,643.7168892514132,23639.0,38346.0,0.7,0.4
8635,5,62251.47,35277.0,1490.0,698.466840618408,26276.0,35277.0,0.7,0.4
8673,6,69085.55,33677.0,1353.0,819.5454101695028,34589.0,33677.0,0.7,0.4
8701,4,58930.0,36601.0,1636.0,710.9998325521469,21618.0,36601.0,0.7,0.4
8727,6,69005.17,33815.0,1248.0,766.1665775543536,34424.0,33815.0,0.7,0.4
8659,4,65882.23,39725.0,1863.0,665.226723160762,25492.0,39725.0,0.7,0.4
8705,4,60206.0,38268.0,1796.0,642.0012118571337,21296.0,38268.0,0.7,0.4,6,74682.59,35440.0,1496.0,741.5909810153523,38501.0,35440.0,0.7,0.4
8676,5,60861.16,36641.0,1533.0,581.1572596188466,23639.0,36641.0,0.7,0.4
8646,5,60328.95,32895.0,1393.0,626.9535974067039,26807.0,32895.0,0.7,0.4
8720,5,60795.44,33463.0,1426.0,688.4418215025946,26644.0,33463.0,0.7,0.4
8721,5,62769.47,35795.0,1474.0,698.466840618408,26276.0,35795.0,0.7,0.4
8674,4,55996.7,36783.0,1585.0,600.6969552694884,18613.0,36783.0,0.7,0.4
