Computing_Time,Num_Of_Var,IWSP,VAP,MTSP,Inventory_Cost,Total_Fixed_Cost,Total_Variable_Cost,Crossover_Rate,Mutation_Rate
267890,26,291648.74,178370.0,6118.0,4510.738594112107,108768.0,178370.0,0.6,0.2
263808,27,296140.35,172142.0,5848.0,4278.351550606165,119720.0,172142.0,0.6,0.2,16,281651.47,193295.0,7230.0,3560.46847979412,84796.0,193295.0,0.6,0.2
265175,23,300206.45,180787.0,6412.0,4013.448714992428,115406.0,180787.0,0.6,0.2
267107,19,280460.08,190489.0,7080.0,3635.0821512214866,86336.0,190489.0,0.6,0.2
272758,19,279044.39,189796.0,6859.0,3838.388562213202,85410.0,189796.0,0.6,0.2,28,311539.18,172827.0,5858.0,4571.17947363533,134141.0,172827.0,0.6,0.2
255778,19,300015.67,188066.0,6934.0,3619.6702992057144,108330.0,188066.0,0.6,0.2
269275,29,327205.33,179045.0,5828.0,4399.333091633239,143761.0,179045.0,0.6,0.2,24,294575.27,178424.0,6293.0,3872.265200900123,112279.0,178424.0,0.6,0.2
264542,29,307369.74,177094.0,5959.0,4296.742284138156,125979.0,177094.0,0.6,0.2
266467,29,314352.76,177586.0,5963.0,4053.7583375627064,132713.0,177586.0,0.6,0.2
274180,25,319352.2,178195.0,6185.0,4211.20139866964,136946.0,178195.0,0.6,0.2
261367,27,301897.13,170301.0,5770.0,4097.125094516545,127499.0,170301.0,0.6,0.2
267734,25,295378.94,177710.0,5882.0,4027.9391207057092,113641.0,177710.0,0.6,0.2
275465,17,277627.18,191195.0,7312.0,3472.184076231372,82960.0,191195.0,0.6,0.2
269245,25,305572.32,178611.0,6293.0,3953.3181980101585,123008.0,178611.0,0.6,0.2
266329,20,296603.85,187260.0,6936.0,3679.8499034342226,105664.0,187260.0,0.6,0.2
266790,24,298650.56,177942.0,6172.0,4063.5634778533395,116645.0,177942.0,0.6,0.2
275186,27,296756.4,176200.0,6098.0,4183.395862094286,116373.0,176200.0,0.6,0.2
269562,26,290293.62,177187.0,6012.0,4094.623340068965,109012.0,177187.0,0.6,0.2
263798,28,316466.1,173257.0,5657.0,4343.102646574802,138866.0,173257.0,0.6,0.2
270731,27,314128.54,174815.0,5819.0,3958.5380956538756,135355.0,174815.0,0.6,0.2
