Computing_Time,Num_Of_Var,IWSP,VAP,MTSP,Inventory_Cost,Total_Fixed_Cost,Total_Variable_Cost,Crossover_Rate,Mutation_Rate
35921,12,168531.17,105077.0,1857.0,1002.1709569824477,62452.0,105077.0,0.6,0.3,19,195045.06,103115.0,1434.0,1341.0583200054648,90589.0,103115.0,0.6,0.3,11,161713.77,107768.0,1880.0,981.772804534241,52964.0,107768.0,0.6,0.3,15,174876.47,102348.0,1717.0,1088.4677288074868,71440.0,102348.0,0.6,0.3
35340,11,162229.48,107769.0,2204.0,1163.4770208541736,53297.0,107769.0,0.6,0.3,14,170923.37,106469.0,1648.0,1132.370205595567,63322.0,106469.0,0.6,0.3,16,179767.74,102174.0,1691.0,1280.7413788567394,76313.0,102174.0,0.6,0.3,17,186298.8,96349.0,1548.0,1232.8025393528271,88717.0,96349.0,0.6,0.3
35304,14,174933.93,106902.0,1767.0,1078.9259521574666,66953.0,106902.0,0.6,0.3,16,182213.21,105203.0,1496.0,1287.2113131701408,75723.0,105203.0,0.6,0.3,13,163342.33,107530.0,1856.0,1147.3250099583488,54665.0,107530.0,0.6,0.3
35203,16,170279.3,103322.0,1704.0,1250.2997384125913,65707.0,103322.0,0.6,0.3,15,167562.78,103182.0,1847.0,1055.784760451724,63325.0,103182.0,0.6,0.3,15,178417.35,101826.0,1664.0,1171.3451768442458,75420.0,101826.0,0.6,0.3
35425,14,172018.78,104232.0,1723.0,1201.7786491405595,66585.0,104232.0,0.6,0.3
35273,13,177783.94,101917.0,1729.0,1317.9397042844896,74549.0,101917.0,0.6,0.3,18,179870.88,100791.0,1562.0,1333.8849531722458,77746.0,100791.0,0.6,0.3
35873,16,181832.82,107363.0,1678.0,1290.8170085314875,73179.0,107363.0,0.6,0.3,13,178078.75,107989.0,1795.0,1132.7498135969702,68957.0,107989.0,0.6,0.3,14,185149.88,106325.0,1752.0,1323.8782048565527,77501.0,106325.0,0.6,0.3
35744,12,169277.36,103902.0,1841.0,1021.3581790960919,64354.0,103902.0,0.6,0.3,16,179551.77,101529.0,1712.0,1182.774627647319,76840.0,101529.0,0.6,0.3
35908,14,177425.39,107680.0,1885.0,1197.3940378283535,68548.0,107680.0,0.6,0.3,16,183945.94,102492.0,1648.0,1283.9433819095975,80170.0,102492.0,0.6,0.3,17,182762.3,106565.0,1693.0,1269.2951177395657,74928.0,106565.0,0.6,0.3
36409,12,174662.77,98497.0,1919.0,1142.7724373722929,75023.0,98497.0,0.6,0.3,17,177932.45,106212.0,1572.0,1249.4503682296238,70471.0,106212.0,0.6,0.3,13,159218.75,107825.0,1772.0,1240.7536060427715,50153.0,107825.0,0.6,0.3
35823,18,197913.08,107048.0,1628.0,1412.0762255327504,89453.0,107048.0,0.6,0.3
35814,16,182413.42,105477.0,1563.0,1137.4180414069472,75799.0,105477.0,0.6,0.3,15,174454.08,105679.0,1630.0,1103.0804810488,67672.0,105679.0,0.6,0.3,12,162770.29,102033.0,1776.0,1084.2873373425264,59653.0,102033.0,0.6,0.3
35812,18,206154.27,104694.0,1652.0,1298.2679360185775,100162.0,104694.0,0.6,0.3
35355,16,182434.08,101307.0,1605.0,1202.0761699961752,79925.0,101307.0,0.6,0.3,14,181892.69,109160.0,1896.0,1078.6935319296244,71654.0,109160.0,0.6,0.3
35704,15,163396.31,101810.0,1708.0,1100.3054730830004,60486.0,101810.0,0.6,0.3,18,197252.01,106049.0,1550.0,1344.012423951221,89859.0,106049.0,0.6,0.3,18,194297.69,106664.0,1564.0,1390.6871433045037,86243.0,106664.0,0.6,0.3
35708,18,199456.37,101698.0,1628.0,1306.3676929717049,96452.0,101698.0,0.6,0.3,16,180682.15,106077.0,1588.0,1353.149324272452,73252.0,106077.0,0.6,0.3,15,159527.48,97099.0,1649.0,1237.4845704829495,61191.0,97099.0,0.6,0.3,18,188999.44,106019.0,1591.0,1372.440713646477,81608.0,106019.0,0.6,0.3
35602,18,180510.51,107955.0,1697.0,1396.5144447495936,71159.0,107955.0,0.6,0.3
35253,16,169855.42,102104.0,1665.0,1235.4183008936645,66516.0,102104.0,0.6,0.3
35113,15,178944.59,105256.0,1596.0,1179.588103530315,72509.0,105256.0,0.6,0.3,15,177956.08,105711.0,1590.0,1204.0803514522886,71041.0,105711.0,0.6,0.3,14,166858.83,102075.0,1721.0,1156.8266157663982,63627.0,102075.0,0.6,0.3
35499,16,188114.85,102349.0,1615.0,1338.8506242620695,84427.0,102349.0,0.6,0.3,16,179462.13,105463.0,1521.0,1371.1308803651316,72628.0,105463.0,0.6,0.3,11,158101.3,103552.0,1975.0,855.2997815650485,53694.0,103552.0,0.6,0.3
