Computing_Time,Num_Of_Var,IWSP,VAP,MTSP,Inventory_Cost,Total_Fixed_Cost,Total_Variable_Cost,Crossover_Rate,Mutation_Rate
39304,19,150862.44,65440.0,1377.0,1738.4402620664896,83684.0,65440.0,0.6,0.2
40409,17,155062.19,72452.0,1552.0,1589.1858224311627,81021.0,72452.0,0.6,0.2
38039,11,125316.45,76392.0,1969.0,1141.4534981286795,47783.0,76392.0,0.6,0.2
38255,16,151133.88,72611.0,1551.0,1308.8764505113681,77214.0,72611.0,0.6,0.2
38731,13,123035.92,69734.0,1726.0,1290.9181576350406,52011.0,69734.0,0.6,0.2,21,160121.77,65845.0,1307.0,1683.772685248334,92593.0,65845.0,0.6,0.2
39579,15,137266.43,63251.0,1765.0,1467.4294777913963,72548.0,63251.0,0.6,0.2
38507,21,166339.87,65843.0,1280.0,1640.8744492196781,98856.0,65843.0,0.6,0.2
38470,13,125653.41,70678.0,1858.0,1322.411494470084,53653.0,70678.0,0.6,0.2,16,155327.74,72368.0,1585.0,1371.7390235823025,81588.0,72368.0,0.6,0.2
39611,23,171967.12,71696.0,1350.0,1763.1161277908272,98508.0,71696.0,0.6,0.2
37300,14,156153.64,72563.0,1605.0,1356.6386047174767,82234.0,72563.0,0.6,0.2
38424,14,138126.94,75641.0,1741.0,1319.9400143815906,61166.0,75641.0,0.6,0.2
38856,12,127950.38,66961.0,2000.0,1229.380572200361,59760.0,66961.0,0.6,0.2,16,140043.38,68768.0,1760.0,1387.3805562371413,69888.0,68768.0,0.6,0.2
38024,23,167081.77,69669.0,1232.0,1745.7718213354858,95667.0,69669.0,0.6,0.2
38225,14,118856.54,59424.0,1614.0,1267.538096896469,58165.0,59424.0,0.6,0.2
39333,13,128430.86,73924.0,1715.0,1384.860381382554,53122.0,73924.0,0.6,0.2
38169,14,143332.59,72755.0,1711.0,1378.5939435796752,69199.0,72755.0,0.6,0.2
39117,19,170748.01,68061.0,1284.0,1624.0074685282605,101063.0,68061.0,0.6,0.2
39975,15,137276.57,67354.0,1565.0,1240.5670221665941,68682.0,67354.0,0.6,0.2
38860,15,142952.85,72403.0,1577.0,1353.8522638210761,69196.0,72403.0,0.6,0.2
38897,14,147976.3,74944.0,1817.0,1214.299498460435,71818.0,74944.0,0.6,0.2
