Computing_Time,Num_Of_Var,IWSP,VAP,MTSP,Inventory_Cost,Total_Fixed_Cost,Total_Variable_Cost,Crossover_Rate,Mutation_Rate
9438,3,44122.98,28835.0,2074.0,618.9829420298151,14669.0,28835.0,0.9,0.4
9342,5,44148.45,22597.0,1420.0,802.4471898179851,20749.0,22597.0,0.9,0.4
9332,5,39962.22,20741.0,1312.0,674.2228437580228,18547.0,20741.0,0.9,0.4
9289,5,39735.22,20514.0,1375.0,674.2228437580228,18547.0,20514.0,0.9,0.4
9367,5,34702.41,21385.0,1407.0,676.4108091821206,12641.0,21385.0,0.9,0.4
9258,3,39658.34,24893.0,1709.0,494.342551543093,14271.0,24893.0,0.9,0.4
9250,5,40297.22,20052.0,1266.0,861.2171868399844,19384.0,20052.0,0.9,0.4
9346,4,39015.54,23160.0,1552.0,604.5430595298217,15251.0,23160.0,0.9,0.4
9217,5,38091.3,22009.0,1353.0,730.3033610034064,15352.0,22009.0,0.9,0.4,5,40876.32,20677.0,1304.0,800.3239846452273,19399.0,20677.0,0.9,0.4
9308,7,47982.65,17125.0,1088.0,879.6450395673382,29978.0,17125.0,0.9,0.4,6,42021.22,20809.0,1310.0,789.2156580177177,20423.0,20809.0,0.9,0.4
9295,5,44167.45,22616.0,1441.0,802.4471898179851,20749.0,22616.0,0.9,0.4
9229,4,36559.61,24277.0,1813.0,633.6054223132413,11649.0,24277.0,0.9,0.4,5,40481.36,22544.0,1502.0,781.3627138597615,17156.0,22544.0,0.9,0.4
9395,5,39637.46,19353.0,1278.0,868.4613048997933,19416.0,19353.0,0.9,0.4
9319,5,42648.46,24809.0,1658.0,697.4645364713904,17142.0,24809.0,0.9,0.4
9326,2,47661.26,34777.0,2734.0,499.25839212833864,12385.0,34777.0,0.9,0.4
9424,4,43963.38,24030.0,1611.0,606.3782325726816,19327.0,24030.0,0.9,0.4
9286,4,41097.52,25770.0,1841.0,485.5199682083797,14842.0,25770.0,0.9,0.4
9317,3,40637.63,25786.0,1802.0,595.6273896905466,14256.0,25786.0,0.9,0.4
9272,5,39409.22,19164.0,1211.0,861.2171868399844,19384.0,19164.0,0.9,0.4
9324,3,38080.67,31022.0,2339.0,450.6692236005599,6608.0,31022.0,0.9,0.4
