Computing_Time,Num_Of_Var,IWSP,VAP,MTSP,Inventory_Cost,Total_Fixed_Cost,Total_Variable_Cost,Crossover_Rate,Mutation_Rate
8742,3,62780.19,45474.0,1854.0,581.1898649407817,16725.0,45474.0,0.6,0.4
8525,3,62011.78,43800.0,1871.0,518.7799285128818,17693.0,43800.0,0.6,0.4
8517,4,48520.61,39888.0,1548.0,438.60789887465774,8194.0,39888.0,0.6,0.4
8479,4,55296.35,39706.0,1456.0,590.3522870580294,15000.0,39706.0,0.6,0.4
8537,3,45718.09,42266.0,1676.0,421.08854949914434,3031.0,42266.0,0.6,0.4,3,59925.98,41730.0,1724.0,601.9753069935077,17594.0,41730.0,0.6,0.4,6,62645.63,37931.0,1321.0,739.6322735217866,23975.0,37931.0,0.6,0.4
8682,6,81290.87,44789.0,1754.0,848.8675479620102,35653.0,44789.0,0.6,0.4
8474,3,52491.31,44912.0,1944.0,406.30807640584146,7173.0,44912.0,0.6,0.4,6,72883.35,39271.0,1534.0,756.347528270255,32856.0,39271.0,0.6,0.4
8453,3,62477.38,45200.0,1944.0,651.3840709269491,16626.0,45200.0,0.6,0.4
8576,6,68943.75,39500.0,1428.0,647.7484816947671,28796.0,39500.0,0.6,0.4,4,56509.91,40332.0,1489.0,623.9055867567322,15554.0,40332.0,0.6,0.4
8627,5,61584.0,40859.0,1416.0,542.0018328744043,20183.0,40859.0,0.6,0.4
8555,5,68431.75,44026.0,1731.0,633.7479599735601,23772.0,44026.0,0.6,0.4
8528,6,74392.17,38253.0,1388.0,812.1703699238225,35327.0,38253.0,0.6,0.4
8550,6,65834.34,40530.0,1427.0,775.3382602228924,24529.0,40530.0,0.6,0.4,4,57901.1,39244.0,1490.0,602.097043657267,18055.0,39244.0,0.6,0.4
8567,6,70962.98,38766.0,1399.0,756.97848693103,31440.0,38766.0,0.6,0.4,5,58836.05,39479.0,1460.0,715.0490803466221,18642.0,39479.0,0.6,0.4,3,56446.23,45925.0,1876.0,525.2339392709998,9996.0,45925.0,0.6,0.4
8570,4,61681.32,39330.0,1458.0,721.3242673190641,21630.0,39330.0,0.6,0.4,5,70550.95,39540.0,1345.0,741.947064643495,30269.0,39540.0,0.6,0.4
8525,6,68552.75,39087.0,1300.0,771.7459179633338,28694.0,39087.0,0.6,0.4
8578,5,66547.02,38765.0,1415.0,654.0181225166539,27128.0,38765.0,0.6,0.4,4,51690.86,40074.0,1389.0,526.8599154664199,11090.0,40074.0,0.6,0.4
8550,6,67279.64,37856.0,1267.0,808.6431139104818,28615.0,37856.0,0.6,0.4
8545,4,63149.06,39912.0,1458.0,619.0633827170448,22618.0,39912.0,0.6,0.4
8454,3,57673.35,47427.0,2085.0,579.3524636398513,9667.0,47427.0,0.6,0.4
