Computing_Time,Num_Of_Var,IWSP,VAP,MTSP,Inventory_Cost,Total_Fixed_Cost,Total_Variable_Cost,Crossover_Rate,Mutation_Rate
45834,11,122080.5,66672.0,2630.0,1315.5025154172884,54093.0,66672.0,0.7,0.1
44064,10,129098.39,70437.0,2739.0,1472.3917084132422,57189.0,70437.0,0.7,0.1,8,126716.88,76414.0,3109.0,1487.876318429917,48815.0,76414.0,0.7,0.1,10,133325.12,70221.0,2831.0,1543.1150408089438,61561.0,70221.0,0.7,0.1,10,130215.48,70990.0,2718.0,1436.4776974171496,57789.0,70990.0,0.7,0.1
42817,11,136282.14,69393.0,2656.0,1441.1435372933402,65448.0,69393.0,0.7,0.1,10,131709.96,69961.0,2687.0,1403.9550191693882,60345.0,69961.0,0.7,0.1,11,137046.31,67786.0,2652.0,1417.3060323038376,67843.0,67786.0,0.7,0.1,9,127937.76,73874.0,2920.0,1423.7587115892188,52640.0,73874.0,0.7,0.1,13,139025.7,67548.0,2494.0,1654.7022160801648,69823.0,67548.0,0.7,0.1,10,129208.71,71342.0,2804.0,1293.714491116402,56573.0,71342.0,0.7,0.1,10,131645.96,69897.0,2740.0,1403.9550191693882,60345.0,69897.0,0.7,0.1
45535,9,119018.25,72335.0,3008.0,1154.2475022469853,45529.0,72335.0,0.7,0.1,11,130913.91,67884.0,2554.0,1345.9077262005712,61684.0,67884.0,0.7,0.1,10,122646.54,71067.0,2873.0,1277.5371398634757,50302.0,71067.0,0.7,0.1,10,128910.17,70553.0,2741.0,1295.1672535235496,57062.0,70553.0,0.7,0.1
45328,10,127205.6,70697.0,2880.0,1318.596290191705,55190.0,70697.0,0.7,0.1,11,132446.49,70645.0,2768.0,1413.4863820255844,60388.0,70645.0,0.7,0.1,9,120819.03,72161.0,2927.0,1197.0287937735643,47461.0,72161.0,0.7,0.1
46082,11,130183.4,66601.0,2482.0,1549.396466509832,62033.0,66601.0,0.7,0.1,9,123162.25,73800.0,2989.0,1366.2547672131846,47996.0,73800.0,0.7,0.1
44861,10,119790.58,72139.0,2813.0,1359.5787062618967,46292.0,72139.0,0.7,0.1,11,126607.16,67961.0,2691.0,1368.1578668564766,57278.0,67961.0,0.7,0.1,10,121702.83,69256.0,2744.0,1496.8266308836455,50950.0,69256.0,0.7,0.1
44124,11,119532.26,69535.0,2622.0,1499.2552812209528,48498.0,69535.0,0.7,0.1
43854,10,124840.28,69780.0,2737.0,1462.2750787698528,53598.0,69780.0,0.7,0.1,14,134392.55,64543.0,2441.0,1637.547190187059,68212.0,64543.0,0.7,0.1,12,128203.28,67710.0,2645.0,1570.2809617695655,58923.0,67710.0,0.7,0.1
42325,10,137967.69,69532.0,2719.0,1388.6861154319595,67047.0,69532.0,0.7,0.1,11,142623.65,66485.0,2633.0,1386.6530318409461,74752.0,66485.0,0.7,0.1
41249,10,120064.65,68353.0,2693.0,1371.6473534073557,50340.0,68353.0,0.7,0.1,10,113187.95,68600.0,2647.0,1405.947418158822,43182.0,68600.0,0.7,0.1
40591,11,128915.74,68599.0,2642.0,1577.7367546527719,58739.0,68599.0,0.7,0.1,12,131371.7,67087.0,2634.0,1528.7036205607212,62756.0,67087.0,0.7,0.1,10,122989.82,70498.0,2832.0,1495.81556433159,50996.0,70498.0,0.7,0.1,9,117486.26,72680.0,2946.0,1453.2647471716293,43353.0,72680.0,0.7,0.1,10,124761.12,69058.0,2622.0,1429.1239121206286,54274.0,69058.0,0.7,0.1
44351,11,137119.44,70872.0,2811.0,1374.436471062639,64873.0,70872.0,0.7,0.1,11,137151.44,70904.0,2696.0,1374.436471062639,64873.0,70904.0,0.7,0.1,10,124572.83,72126.0,2781.0,1496.8266308836455,50950.0,72126.0,0.7,0.1,8,114906.44,75689.0,3172.0,1324.444779401897,37893.0,75689.0,0.7,0.1,9,120226.82,73098.0,3010.0,1328.8182850764863,45800.0,73098.0,0.7,0.1,10,126316.77,71468.0,2765.0,1282.768172431872,53566.0,71468.0,0.7,0.1
45190,10,119192.84,67872.0,2626.0,1345.8352050677497,49975.0,67872.0,0.7,0.1,10,118030.58,70503.0,2806.0,1341.5834883984946,46186.0,70503.0,0.7,0.1,11,126611.61,67591.0,2524.0,1340.6135819939473,57680.0,67591.0,0.7,0.1
44986,8,119689.76,74861.0,3104.0,1048.7618048855652,43780.0,74861.0,0.7,0.1,8,119520.11,77170.0,3266.0,1197.1065766897177,41153.0,77170.0,0.7,0.1,11,130183.87,71229.0,2777.0,1397.8689435052145,57557.0,71229.0,0.7,0.1,10,121178.54,72692.0,2861.0,1328.5421045165583,47158.0,72692.0,0.7,0.1,10,120650.54,72164.0,2920.0,1328.5421045165583,47158.0,72164.0,0.7,0.1,10,127177.7,72363.0,2876.0,1174.7047957671168,53640.0,72363.0,0.7,0.1
47757,12,127179.9,69859.0,2681.0,1412.9028860737053,55908.0,69859.0,0.7,0.1,8,114116.5,76844.0,3187.0,1123.4992383371005,36149.0,76844.0,0.7,0.1,10,124337.94,72245.0,2822.0,1343.9350418199592,50749.0,72245.0,0.7,0.1,12,144172.45,69544.0,2813.0,1467.4452255169635,73161.0,69544.0,0.7,0.1
49821,7,112836.87,75438.0,3219.0,985.8728661085424,36413.0,75438.0,0.7,0.1,9,127447.82,71719.0,2962.0,1255.822287880877,54473.0,71719.0,0.7,0.1,6,108765.85,79022.0,3457.0,956.8544590394346,28787.0,79022.0,0.7,0.1,10,136874.92,72149.0,2788.0,1388.9164686527815,63337.0,72149.0,0.7,0.1,10,142791.07,71334.0,2837.0,1327.0703881372056,70130.0,71334.0,0.7,0.1
50403,10,132164.54,70567.0,2699.0,1502.5418711410694,60095.0,70567.0,0.7,0.1,10,126490.06,72221.0,2912.0,1379.0607242268572,52890.0,72221.0,0.7,0.1
48448,10,115271.95,70684.0,2761.0,1405.947418158822,43182.0,70684.0,0.7,0.1,10,119138.24,67495.0,2620.0,1401.2375452249935,50242.0,67495.0,0.7,0.1,10,121242.24,69599.0,2611.0,1401.2375452249935,50242.0,69599.0,0.7,0.1
47954,11,131357.28,71664.0,2895.0,1289.2808969647426,58404.0,71664.0,0.7,0.1,10,122526.26,72017.0,2714.0,1196.2591282648168,49313.0,72017.0,0.7,0.1
