Computing_Time,Num_Of_Var,IWSP,VAP,MTSP,Inventory_Cost,Total_Fixed_Cost,Total_Variable_Cost,Crossover_Rate,Mutation_Rate
290968,20,312468.81,203425.0,6698.0,3216.807838632567,105827.0,203425.0,0.8,0.1
288646,28,350848.3,191028.0,6032.0,4583.298372989667,155237.0,191028.0,0.8,0.1
291042,22,332543.56,203409.0,6886.0,4535.559742552859,124599.0,203409.0,0.8,0.1
281627,25,344314.38,191710.0,5970.0,3350.376875186949,149254.0,191710.0,0.8,0.1
296504,24,337264.68,195183.0,6427.0,3959.6792641267975,138122.0,195183.0,0.8,0.1
307099,28,367480.46,195440.0,6244.0,4479.456600600911,167561.0,195440.0,0.8,0.1
289819,26,360889.47,196452.0,6479.0,4135.467296024095,160302.0,196452.0,0.8,0.1,27,362631.36,189250.0,5983.0,3891.357606623606,169490.0,189250.0,0.8,0.1,22,328263.48,201567.0,6535.0,3611.4836603882277,123085.0,201567.0,0.8,0.1
298585,22,348002.2,199744.0,6548.0,3728.195573505175,144530.0,199744.0,0.8,0.1,24,345521.13,200966.0,6818.0,4412.132449754215,140143.0,200966.0,0.8,0.1,26,361910.7,193544.0,6153.0,4039.6991787800457,164327.0,193544.0,0.8,0.1
297421,26,364298.16,191129.0,5881.0,4322.1563444068615,168847.0,191129.0,0.8,0.1,26,357615.91,189175.0,5976.0,4298.910542477475,164142.0,189175.0,0.8,0.1,26,365796.93,190402.0,5869.0,4261.930524852756,171133.0,190402.0,0.8,0.1,25,356970.13,197557.0,6497.0,3970.1323594002993,155443.0,197557.0,0.8,0.1
306210,31,376314.58,185640.0,5640.0,4357.57924086373,186317.0,185640.0,0.8,0.1,25,355923.12,198030.0,6519.0,4945.121996373296,152948.0,198030.0,0.8,0.1
267666,23,348843.86,196137.0,6466.0,3618.855322581272,149088.0,196137.0,0.8,0.1,22,328206.32,197981.0,6590.0,3494.3187274227907,126731.0,197981.0,0.8,0.1
287418,24,343935.39,202453.0,6578.0,4143.387539311043,137339.0,202453.0,0.8,0.1,26,352379.56,193748.0,6133.0,4131.557026038988,154500.0,193748.0,0.8,0.1
301697,23,347678.48,200062.0,6674.0,3967.481747707206,143649.0,200062.0,0.8,0.1
290130,28,366633.21,189688.0,5959.0,4653.207887976989,172292.0,189688.0,0.8,0.1
300932,28,356115.21,194680.0,6190.0,4458.2069985320895,156977.0,194680.0,0.8,0.1
307474,24,324611.42,193836.0,6385.0,3476.415400873424,127299.0,193836.0,0.8,0.1
284574,24,353588.13,198454.0,6627.0,4139.126182253497,150995.0,198454.0,0.8,0.1,25,366676.33,197602.0,6500.0,4576.327441990268,164498.0,197602.0,0.8,0.1,25,358903.24,198163.0,6467.0,4203.242309766484,156537.0,198163.0,0.8,0.1
298711,23,328143.29,197480.0,6366.0,3848.2898901079793,126815.0,197480.0,0.8,0.1
296347,25,334197.41,198700.0,6512.0,3919.4121341910895,131578.0,198700.0,0.8,0.1,24,352242.41,190779.0,6084.0,3975.4080138145378,157488.0,190779.0,0.8,0.1,27,362567.33,189022.0,5754.0,4329.333763317531,169216.0,189022.0,0.8,0.1,24,344588.48,192386.0,6047.0,4054.4768473097474,148148.0,192386.0,0.8,0.1
289175,27,363865.05,194891.0,6275.0,4542.052025456426,164432.0,194891.0,0.8,0.1,18,332937.23,211915.0,7703.0,3524.2343490278326,117498.0,211915.0,0.8,0.1
