Computing_Time,Num_Of_Var,IWSP,VAP,MTSP,Inventory_Cost,Total_Fixed_Cost,Total_Variable_Cost,Crossover_Rate,Mutation_Rate
75342,23,188820.12,86270.0,2543.0,2250.1180577207706,100300.0,86270.0,0.6,0.1
75460,11,152851.9,96999.0,3444.0,1561.8992569278694,54291.0,96999.0,0.6,0.1
64267,9,145336.99,99310.0,3652.0,1432.991823998951,44594.0,99310.0,0.6,0.1
72579,15,161724.7,92871.0,3162.0,1975.6980032360966,66878.0,92871.0,0.6,0.1
72561,13,156590.13,94042.0,3221.0,1863.1251333026592,60685.0,94042.0,0.6,0.1
76628,18,187979.7,91014.0,2880.0,1872.6969299427476,95093.0,91014.0,0.6,0.1
74111,14,156420.16,97450.0,3440.0,1696.1634129862125,57274.0,97450.0,0.6,0.1
76896,16,166551.9,93229.0,3051.0,2086.9015174414144,71236.0,93229.0,0.6,0.1
78044,17,164861.96,90436.0,2979.0,2157.9550909734508,72268.0,90436.0,0.6,0.1
73978,12,152644.36,94390.0,3357.0,1795.363992061542,56459.0,94390.0,0.6,0.1
74542,14,158822.33,92240.0,3109.0,1804.3273627473436,64778.0,92240.0,0.6,0.1
74652,12,170699.52,96726.0,3497.0,1739.5169048096097,72234.0,96726.0,0.6,0.1,16,172308.97,90250.0,2901.0,2052.973894152202,80006.0,90250.0,0.6,0.1
73921,11,162550.55,98543.0,3631.0,1687.553917611689,62320.0,98543.0,0.6,0.1
78576,15,154523.2,92798.0,3273.0,1879.2009828062146,59846.0,92798.0,0.6,0.1,17,172779.75,90178.0,2929.0,1970.74568681016,80631.0,90178.0,0.6,0.1
76612,14,152625.07,94262.0,3161.0,1806.0719531182863,56557.0,94262.0,0.6,0.1
74174,15,151754.15,97494.0,3443.0,1724.1500235716278,52536.0,97494.0,0.6,0.1
73157,15,157084.31,93971.0,3251.0,1894.3100533289155,61219.0,93971.0,0.6,0.1
73816,15,154017.51,96437.0,3360.0,1987.5133083613616,55593.0,96437.0,0.6,0.1
77383,16,172366.05,92128.0,2996.0,1804.0480179324536,78434.0,92128.0,0.6,0.1
76171,14,156214.56,96217.0,3380.0,1823.5612118855963,58174.0,96217.0,0.6,0.1,13,155401.67,96455.0,3450.0,1762.6737144902538,57184.0,96455.0,0.6,0.1
