Computing_Time,Num_Of_Var,IWSP,VAP,MTSP,Inventory_Cost,Total_Fixed_Cost,Total_Variable_Cost,Crossover_Rate,Mutation_Rate
283075,31,305972.9,159065.0,5605.0,4578.89518267499,142329.0,159065.0,0.8,0.3,26,283156.85,162892.0,6037.0,4438.85286832176,115826.0,162892.0,0.8,0.3
284219,23,289137.95,172907.0,6584.0,4133.954750230831,112097.0,172907.0,0.8,0.3
280757,15,263788.05,190534.0,8093.0,3348.0534354040897,69906.0,190534.0,0.8,0.3
284002,27,291613.88,166682.0,6108.0,4564.880930784323,120367.0,166682.0,0.8,0.3
284276,26,293291.02,165796.0,6003.0,4288.017206177707,123207.0,165796.0,0.8,0.3
284960,28,287093.94,162111.0,5721.0,4646.936651260959,120336.0,162111.0,0.8,0.3
282312,23,285949.42,172102.0,6531.0,4279.417814997916,109568.0,172102.0,0.8,0.3
283734,27,277502.59,159828.0,5905.0,4790.591515879461,112884.0,159828.0,0.8,0.3
283038,28,297558.09,164171.0,5951.0,4595.0893078902,128792.0,164171.0,0.8,0.3
281896,25,305817.28,171793.0,6447.0,4310.276093963217,129714.0,171793.0,0.8,0.3
284730,25,275238.75,165337.0,6234.0,4032.750607331923,105869.0,165337.0,0.8,0.3
282919,26,265352.94,164014.0,6108.0,4411.943635186503,96927.0,164014.0,0.8,0.3
282681,25,288667.88,170000.0,6372.0,4223.880688084176,114444.0,170000.0,0.8,0.3
283605,25,293905.66,167636.0,6234.0,4331.663682784854,121938.0,167636.0,0.8,0.3
281435,27,314485.54,161591.0,5897.0,4801.538887119721,148093.0,161591.0,0.8,0.3,26,271601.34,163513.0,6072.0,4307.3417253411035,103781.0,163513.0,0.8,0.3
282818,25,265788.07,166476.0,6234.0,4278.067142358974,95034.0,166476.0,0.8,0.3
285558,28,295480.27,168472.0,6255.0,4779.265845304384,122229.0,168472.0,0.8,0.3
284883,28,297305.32,160530.0,5706.0,4495.317669145271,132280.0,160530.0,0.8,0.3
284305,27,286368.87,162026.0,5907.0,4346.871739968201,119996.0,162026.0,0.8,0.3,22,266360.83,174962.0,6810.0,4112.834098194951,87286.0,174962.0,0.8,0.3
280732,26,285448.86,165214.0,6255.0,4251.862629756809,115983.0,165214.0,0.8,0.3
