Computing_Time,Num_Of_Var,IWSP,VAP,MTSP,Inventory_Cost,Total_Fixed_Cost,Total_Variable_Cost,Crossover_Rate,Mutation_Rate
25450,9,105584.28,66668.0,2250.0,1135.2760314214395,37781.0,66668.0,0.5,0.2
25447,11,107938.37,62744.0,1952.0,1326.3737543349375,43868.0,62744.0,0.5,0.2
25132,10,104907.25,64635.0,2187.0,1084.2485733221897,39188.0,64635.0,0.5,0.2
24882,11,106835.2,61726.0,1743.0,1311.1994901410633,43798.0,61726.0,0.5,0.2
24361,8,99657.14,68891.0,2366.0,908.138280692718,29858.0,68891.0,0.5,0.2
24947,10,106431.5,62131.0,1922.0,1299.4985994987562,43001.0,62131.0,0.5,0.2
24420,11,113253.73,61172.0,1847.0,1168.7290951412356,50913.0,61172.0,0.5,0.2,11,108154.24,61679.0,1838.0,1130.2356623712712,45345.0,61679.0,0.5,0.2
25170,10,108245.12,61715.0,1979.0,1094.115339205133,45436.0,61715.0,0.5,0.2,10,115052.85,63801.0,1908.0,1148.8484643331278,50103.0,63801.0,0.5,0.2
24775,7,94858.18,63538.0,2064.0,1148.1780677837357,30172.0,63538.0,0.5,0.2
25166,10,96689.21,63631.0,2143.0,1255.2131562218976,31803.0,63631.0,0.5,0.2
25193,10,101507.7,61544.0,1906.0,1177.6994259957844,38786.0,61544.0,0.5,0.2
25897,10,105939.96,61245.0,1835.0,1112.9623689038915,43582.0,61245.0,0.5,0.2
24991,10,113655.61,62046.0,1926.0,1177.6058027452955,50432.0,62046.0,0.5,0.2
25425,7,105957.28,69090.0,2491.0,941.2787049139649,35926.0,69090.0,0.5,0.2
25588,9,102882.05,62513.0,1968.0,1275.0499087010207,39094.0,62513.0,0.5,0.2
25096,9,100216.79,63819.0,2012.0,1298.785375831999,35099.0,63819.0,0.5,0.2
25062,9,102060.75,63168.0,2010.0,1164.74924289106,37728.0,63168.0,0.5,0.2
25198,10,108873.65,62080.0,1946.0,1170.650658950256,45623.0,62080.0,0.5,0.2
25405,11,106681.82,61340.0,1741.0,1242.8206080558552,44099.0,61340.0,0.5,0.2
25618,11,112424.01,63096.0,1963.0,1417.0065397684173,47911.0,63096.0,0.5,0.2,10,100708.6,63225.0,1968.0,1341.5991952287761,36142.0,63225.0,0.5,0.2,8,96171.68,62800.0,2049.0,1002.684708997807,32369.0,62800.0,0.5,0.2
