Computing_Time,Num_Of_Var,IWSP,VAP,MTSP,Inventory_Cost,Total_Fixed_Cost,Total_Variable_Cost,Crossover_Rate,Mutation_Rate
27243,9,120801.3,64379.0,2293.0,1131.304566583463,55291.0,64379.0,0.7,0.2
26354,7,98928.8,65464.0,2342.0,1104.8005618624506,32360.0,65464.0,0.7,0.2
26588,7,99805.92,62772.0,2116.0,1104.9199216968875,35929.0,62772.0,0.7,0.2
27191,7,103327.96,65957.0,2435.0,899.9636609339536,36471.0,65957.0,0.7,0.2
27253,12,124890.83,58007.0,1706.0,1289.8263127290813,65594.0,58007.0,0.7,0.2
26697,8,111385.2,62532.0,2056.0,1000.2020330393975,47853.0,62532.0,0.7,0.2
26401,8,107746.99,66350.0,2509.0,1518.9887895399152,39878.0,66350.0,0.7,0.2
27387,9,115856.34,62009.0,2027.0,1287.3411633628461,52560.0,62009.0,0.7,0.2,9,114518.12,64474.0,2278.0,1390.1210621613568,48654.0,64474.0,0.7,0.2
25999,6,113335.61,67632.0,2687.0,1139.614389263336,44564.0,67632.0,0.7,0.2
26586,7,110137.38,66637.0,2593.0,1244.3771342436717,42256.0,66637.0,0.7,0.2
27007,11,113281.25,60819.0,1952.0,1365.2535805797231,51097.0,60819.0,0.7,0.2
26439,6,102751.4,70093.0,2741.0,1059.3982508396791,31599.0,70093.0,0.7,0.2
26793,9,115343.93,61977.0,2030.0,1425.9300103250516,51941.0,61977.0,0.7,0.2
26618,7,94197.88,64855.0,2627.0,1295.8835085702767,28047.0,64855.0,0.7,0.2,7,87296.55,68488.0,2775.0,1219.5527460441244,17589.0,68488.0,0.7,0.2
26132,12,129099.7,58282.0,1707.0,1243.700754320741,69574.0,58282.0,0.7,0.2
26559,8,103963.88,65767.0,2445.0,1368.8829284788465,36828.0,65767.0,0.7,0.2
26472,11,110473.13,61813.0,2163.0,1458.1349067603896,47202.0,61813.0,0.7,0.2
27307,12,117647.15,61538.0,2023.0,1439.147440240164,54670.0,61538.0,0.7,0.2,12,128421.66,61025.0,1946.0,1397.657645245733,65999.0,61025.0,0.7,0.2
26691,10,116496.55,62066.0,2031.0,1459.5531575641119,52971.0,62066.0,0.7,0.2,7,104562.62,67865.0,2483.0,1331.6156429652985,35366.0,67865.0,0.7,0.2
26904,6,99372.9,69934.0,2668.0,1220.8999263341104,28218.0,69934.0,0.7,0.2
