Computing_Time,Num_Of_Var,IWSP,VAP,MTSP,Inventory_Cost,Total_Fixed_Cost,Total_Variable_Cost,Crossover_Rate,Mutation_Rate
40451,11,143785.94,81915.0,2653.0,1348.944156527774,60522.0,81915.0,0.9,0.4,12,146139.73,81570.0,2676.0,1340.7304661685591,63229.0,81570.0,0.9,0.4,10,139685.11,86514.0,2980.0,1285.1132875159697,51886.0,86514.0,0.9,0.4,11,140031.03,82906.0,2756.0,1414.0289295218784,55711.0,82906.0,0.9,0.4,8,134964.6,87227.0,3089.0,1160.5981303177628,46577.0,87227.0,0.9,0.4
39997,13,161936.38,81352.0,2551.0,1466.3808912782936,79118.0,81352.0,0.9,0.4,13,155249.02,80843.0,2697.0,1361.0248628914155,73045.0,80843.0,0.9,0.4,11,137408.01,83749.0,2915.0,1205.012327509231,52454.0,83749.0,0.9,0.4,13,167310.37,79979.0,2540.0,1431.374858209715,85900.0,79979.0,0.9,0.4,10,141826.9,83458.0,2744.0,1291.895257202529,57077.0,83458.0,0.9,0.4
40509,9,149588.72,88779.0,3098.0,1029.7192846673638,59780.0,88779.0,0.9,0.4,11,155347.42,83023.0,2733.0,1135.4213956724027,71189.0,83023.0,0.9,0.4,9,140599.81,87695.0,3107.0,1241.8123076557938,51663.0,87695.0,0.9,0.4,7,137830.62,94274.0,3427.0,1111.6240598499048,42445.0,94274.0,0.9,0.4,10,153285.22,85916.0,2883.0,1159.2159657306308,66210.0,85916.0,0.9,0.4,13,163748.26,81677.0,2614.0,1421.2573982305132,80650.0,81677.0,0.9,0.4
39891,10,155254.02,83989.0,2842.0,1112.0248744760547,70153.0,83989.0,0.9,0.4,13,162573.29,81689.0,2603.0,1421.2946341081129,79463.0,81689.0,0.9,0.4,9,135641.31,85290.0,3031.0,1315.307150228704,49036.0,85290.0,0.9,0.4
40035,12,159217.86,81832.0,2712.0,1255.8642165077217,76130.0,81832.0,0.9,0.4,7,135377.57,99542.0,4032.0,1161.5673216664343,34674.0,99542.0,0.9,0.4,11,142905.29,84292.0,2781.0,1242.2887286354687,57371.0,84292.0,0.9,0.4,15,161954.63,82341.0,2685.0,1479.6342519250732,78134.0,82341.0,0.9,0.4,11,139162.9,84527.0,2845.0,1429.8963164693944,53206.0,84527.0,0.9,0.4,11,155530.73,83297.0,2795.0,1216.7276958694674,71017.0,83297.0,0.9,0.4,10,146888.22,83454.0,2814.0,1278.2207668654014,62156.0,83454.0,0.9,0.4,16,169521.28,78899.0,2414.0,1576.2770522068934,89046.0,78899.0,0.9,0.4
39955,6,129811.78,98007.0,3922.0,835.7755857614052,30969.0,98007.0,0.9,0.4,13,150507.59,80461.0,2486.0,1466.5872213695045,68580.0,80461.0,0.9,0.4,7,132939.28,93325.0,3542.0,1192.2757797618056,38422.0,93325.0,0.9,0.4,6,134365.38,93204.0,3639.0,969.3772659859724,40192.0,93204.0,0.9,0.4,10,138672.51,85122.0,2812.0,1241.5134577971535,52309.0,85122.0,0.9,0.4,9,146134.38,83183.0,2920.0,1112.383771903465,61839.0,83183.0,0.9,0.4
40297,11,155114.54,82335.0,2696.0,1279.543352605616,71500.0,82335.0,0.9,0.4,11,143657.34,82957.0,2777.0,1270.3361117618865,59430.0,82957.0,0.9,0.4,9,133297.29,85615.0,2988.0,1131.287157921509,46551.0,85615.0,0.9,0.4,11,135778.61,81896.0,2798.0,1402.612429651934,52480.0,81896.0,0.9,0.4,12,159538.25,81294.0,2654.0,1265.24678536253,76979.0,81294.0,0.9,0.4,7,130180.51,91472.0,3561.0,1143.5068507799406,37565.0,91472.0,0.9,0.4
39999,10,148963.23,84986.0,2812.0,1194.2342274401813,62783.0,84986.0,0.9,0.4,11,151922.92,83328.0,2862.0,1224.9243668012346,67370.0,83328.0,0.9,0.4,9,145266.38,88815.0,3095.0,1152.3838516658711,55299.0,88815.0,0.9,0.4,8,142267.91,91174.0,3559.0,1125.9130076063375,49968.0,91174.0,0.9,0.4,11,146815.5,88434.0,2958.0,1266.5003666617938,57115.0,88434.0,0.9,0.4,8,136164.08,92160.0,3393.0,1049.0778566871566,42955.0,92160.0,0.9,0.4,12,159293.09,82085.0,2644.0,1292.0879748294522,75916.0,82085.0,0.9,0.4,8,141124.54,92907.0,3305.0,1157.5376257332505,47060.0,92907.0,0.9,0.4
40186,12,142375.1,79672.0,2647.0,1491.1012615514283,61212.0,79672.0,0.9,0.4,9,129510.11,84781.0,3009.0,1281.1121383896625,43448.0,84781.0,0.9,0.4
40949,11,149530.63,86803.0,3050.0,1306.6251487088264,61421.0,86803.0,0.9,0.4,11,147709.05,86919.0,3026.0,1338.053563869845,59452.0,86919.0,0.9,0.4,9,141781.46,89109.0,3248.0,1308.4600031875382,51364.0,89109.0,0.9,0.4,13,168697.92,82332.0,2642.0,1350.9171764870584,85015.0,82332.0,0.9,0.4,7,135455.52,95868.0,3873.0,974.5181561824065,38613.0,95868.0,0.9,0.4,12,159640.62,85566.0,2810.0,1382.6230934065425,72692.0,85566.0,0.9,0.4,10,151449.23,82772.0,2814.0,1086.228860184288,67591.0,82772.0,0.9,0.4,6,134871.29,95955.0,3753.0,1045.2854588164596,37871.0,95955.0,0.9,0.4
40436,10,145215.47,83808.0,2822.0,1288.467566923908,60119.0,83808.0,0.9,0.4,10,138099.96,87479.0,3114.0,1305.9607091022747,49315.0,87479.0,0.9,0.4,10,147117.29,83396.0,2722.0,1309.2871687033694,62412.0,83396.0,0.9,0.4,5,132254.33,101451.0,4298.0,1016.3302325195124,29787.0,101451.0,0.9,0.4,11,147444.66,81309.0,2718.0,1248.660948726625,64887.0,81309.0,0.9,0.4,10,142613.05,85360.0,2979.0,1397.0495656551998,55856.0,85360.0,0.9,0.4
40156,10,143646.87,84822.0,2834.0,1184.8714592789552,57640.0,84822.0,0.9,0.4,11,150710.5,82341.0,2741.0,1246.500248746265,67123.0,82341.0,0.9,0.4,9,135937.19,85975.0,3021.0,1172.1851614462946,48790.0,85975.0,0.9,0.4,14,162453.89,80640.0,2580.0,1477.8904672205663,80336.0,80640.0,0.9,0.4
40392,9,142200.54,86885.0,2992.0,1122.5355408450316,54193.0,86885.0,0.9,0.4,10,142414.19,83120.0,2815.0,1195.1912500254464,58099.0,83120.0,0.9,0.4,10,142261.48,84697.0,2958.0,1294.4789892544154,56270.0,84697.0,0.9,0.4,10,139486.77,86109.0,2995.0,1264.769713342535,52113.0,86109.0,0.9,0.4,18,184735.85,80754.0,2484.0,1629.8536907080156,102352.0,80754.0,0.9,0.4,11,152575.93,84322.0,2788.0,1280.9260362679615,66973.0,84322.0,0.9,0.4,8,136942.32,90113.0,3163.0,967.3179383191165,45862.0,90113.0,0.9,0.4,14,169127.39,82259.0,2606.0,1411.3898424855465,85457.0,82259.0,0.9,0.4,15,175466.64,81319.0,2503.0,1363.6371213909392,92784.0,81319.0,0.9,0.4,12,156125.15,82574.0,2736.0,1294.1484764055303,72257.0,82574.0,0.9,0.4,8,135547.53,90883.0,3365.0,1101.5312593741294,43563.0,90883.0,0.9,0.4,7,135116.72,91866.0,3612.0,1238.72408040765,42012.0,91866.0,0.9,0.4,9,136620.52,89102.0,3218.0,1060.5219535140957,46458.0,89102.0,0.9,0.4
40099,12,151262.54,81513.0,2709.0,1352.544799495302,68397.0,81513.0,0.9,0.4,6,127047.19,94567.0,3810.0,931.1871104732177,31549.0,94567.0,0.9,0.4,8,144313.17,87372.0,3135.0,1029.1736724642644,55912.0,87372.0,0.9,0.4,10,144639.12,84707.0,2992.0,1310.1205631320715,58622.0,84707.0,0.9,0.4,7,130960.33,91847.0,3326.0,918.330928556253,38195.0,91847.0,0.9,0.4,13,167402.43,82442.0,2658.0,1289.4317876970617,83671.0,82442.0,0.9,0.4
40484,8,130747.19,92774.0,3521.0,1166.1874367772737,36807.0,92774.0,0.9,0.4,10,140207.27,83545.0,2839.0,1430.2668720634797,55232.0,83545.0,0.9,0.4,11,153944.72,81409.0,2905.0,1257.7198774475123,71278.0,81409.0,0.9,0.4,10,136803.51,85383.0,2961.0,1152.5123291448476,50268.0,85383.0,0.9,0.4,11,154497.33,83670.0,2779.0,1277.3303062288585,69550.0,83670.0,0.9,0.4,10,145263.47,82812.0,2791.0,1350.470644016766,61101.0,82812.0,0.9,0.4,12,155306.58,85229.0,2712.0,1249.5770311590934,68828.0,85229.0,0.9,0.4,12,146882.59,84169.0,2716.0,1485.5901725129818,61228.0,84169.0,0.9,0.4,13,174466.73,82901.0,2650.0,1193.7322370572738,90372.0,82901.0,0.9,0.4
41609,15,178881.66,81944.0,2527.0,1385.6553854396216,95552.0,81944.0,0.9,0.4,9,139567.17,92855.0,3363.0,1345.1713721402434,45367.0,92855.0,0.9,0.4,10,141094.94,89056.0,3222.0,1201.936889925764,50837.0,89056.0,0.9,0.4,14,158983.69,79909.0,2658.0,1564.6927312129444,77510.0,79909.0,0.9,0.4,11,143663.87,82444.0,2731.0,1372.8728377067105,59847.0,82444.0,0.9,0.4
40707,12,155909.59,82825.0,2730.0,1339.5883081028733,71745.0,82825.0,0.9,0.4,10,143930.72,82782.0,2804.0,1316.7217493340409,59832.0,82782.0,0.9,0.4,14,166829.68,84339.0,2710.0,1472.678748548139,81018.0,84339.0,0.9,0.4,15,175237.92,81247.0,2559.0,1401.9159593123986,92589.0,81247.0,0.9,0.4,8,141991.33,91122.0,3315.0,862.3318839359313,50007.0,91122.0,0.9,0.4,10,145181.03,83993.0,2741.0,1200.03369816042,59988.0,83993.0,0.9,0.4
40536,10,151076.31,84401.0,2779.0,1232.3139848307442,65443.0,84401.0,0.9,0.4,8,142198.77,87861.0,3167.0,1062.7743089384771,53275.0,87861.0,0.9,0.4,11,154745.32,81003.0,2679.0,1170.3248172641415,72572.0,81003.0,0.9,0.4,8,136711.98,92015.0,3455.0,1237.983337704101,43459.0,92015.0,0.9,0.4
40473,7,135324.47,91838.0,3523.0,1009.4735774140115,42477.0,91838.0,0.9,0.4,9,138125.18,86829.0,3121.0,1281.181193088863,50015.0,86829.0,0.9,0.4,6,129266.49,93462.0,3686.0,1039.4936108420388,34765.0,93462.0,0.9,0.4,10,142489.38,81203.0,2675.0,1310.3842981813034,59976.0,81203.0,0.9,0.4,13,152505.38,81491.0,2641.0,1452.3844932634267,69562.0,81491.0,0.9,0.4
41028,11,151953.58,83077.0,2787.0,1352.5841598333188,67524.0,83077.0,0.9,0.4,6,130231.86,97495.0,3989.0,1114.8626737734455,31622.0,97495.0,0.9,0.4,10,145522.91,84824.0,2857.0,1192.9075863086377,59506.0,84824.0,0.9,0.4,8,138138.63,86363.0,3030.0,958.6316909454671,50817.0,86363.0,0.9,0.4,11,148973.49,83747.0,2853.0,1390.492969913645,63836.0,83747.0,0.9,0.4
