Computing_Time,Num_Of_Var,IWSP,VAP,MTSP,Inventory_Cost,Total_Fixed_Cost,Total_Variable_Cost,Crossover_Rate,Mutation_Rate
35479,10,77259.78,57755.0,2822.0,1571.78347307421,17933.0,57755.0,0.6,0.4
35492,10,84725.99,58367.0,3024.0,1442.9883800579485,24916.0,58367.0,0.6,0.4,8,83406.78,62557.0,3401.0,1501.7820026781174,19348.0,62557.0,0.6,0.4,11,87522.45,55010.0,2733.0,1644.4536620888043,30868.0,55010.0,0.6,0.4
35643,10,83824.19,56592.0,2885.0,1732.1883976205274,25500.0,56592.0,0.6,0.4
35089,9,101515.11,60949.0,3197.0,1616.1099830913151,38950.0,60949.0,0.6,0.4,13,111417.43,55349.0,2665.0,1889.42506604879,54179.0,55349.0,0.6,0.4,6,92791.23,70378.0,4046.0,1213.2293364024504,21200.0,70378.0,0.6,0.4
35519,11,107310.42,57873.0,2994.0,1492.423586066604,47945.0,57873.0,0.6,0.4,11,100176.35,65333.0,3566.0,1498.3476195777243,33345.0,65333.0,0.6,0.4
35431,6,74179.19,66796.0,3692.0,1286.193363894427,6097.0,66796.0,0.6,0.4,10,93007.82,55043.0,2743.0,1466.82420780056,36498.0,55043.0,0.6,0.4,9,91572.79,58541.0,3108.0,1544.7927537226515,31487.0,58541.0,0.6,0.4,9,84097.1,58158.0,3127.0,1259.1002263400035,24680.0,58158.0,0.6,0.4
35600,11,95272.71,56905.0,2868.0,1515.7100846479545,36852.0,56905.0,0.6,0.4,7,83882.52,60377.0,3255.0,1215.5174765337829,22290.0,60377.0,0.6,0.4
35579,10,93598.15,55275.0,2736.0,1704.1517224923869,36619.0,55275.0,0.6,0.4,10,93398.65,55908.0,2871.0,1641.6477697788798,35849.0,55908.0,0.6,0.4
35347,10,97733.49,55786.0,2785.0,1684.4880856374027,40263.0,55786.0,0.6,0.4,8,88909.32,60078.0,3164.0,1313.3189001705525,27518.0,60078.0,0.6,0.4,10,90481.44,55995.0,2814.0,1583.4362633227456,32903.0,55995.0,0.6,0.4,7,75797.11,63194.0,3482.0,1464.107025226323,11139.0,63194.0,0.6,0.4
35499,9,87565.58,57913.0,3003.0,1463.5838342780805,28189.0,57913.0,0.6,0.4,11,92800.12,56698.0,2764.0,1763.120555924016,34339.0,56698.0,0.6,0.4
35173,10,93664.17,59372.0,2989.0,1542.1747385758654,32750.0,59372.0,0.6,0.4,13,105318.91,55717.0,2738.0,1466.9118136519462,48135.0,55717.0,0.6,0.4
35497,10,98454.91,57067.0,2817.0,1490.911152312245,39897.0,57067.0,0.6,0.4
35185,8,77509.73,59874.0,3061.0,1396.7327672681483,16239.0,59874.0,0.6,0.4
35301,10,94431.87,56382.0,2789.0,1549.8725935962843,36500.0,56382.0,0.6,0.4,8,85795.49,57456.0,3019.0,1358.4873401661691,26981.0,57456.0,0.6,0.4
35433,11,92963.25,53642.0,2601.0,1877.2500702638397,37444.0,53642.0,0.6,0.4
35447,10,90101.37,55269.0,2678.0,1874.3660244726964,32958.0,55269.0,0.6,0.4,8,81018.09,63743.0,3239.0,1395.0887925995967,15880.0,63743.0,0.6,0.4
35860,10,88587.73,57225.0,2931.0,1743.7289429762193,29619.0,57225.0,0.6,0.4
35490,11,80058.98,55373.0,2648.0,1606.9765141692767,23079.0,55373.0,0.6,0.4
35598,10,93301.47,63004.0,3513.0,1527.4742837984766,28770.0,63004.0,0.6,0.4,10,95386.99,56875.0,2884.0,1660.9897886942604,36851.0,56875.0,0.6,0.4
35400,9,91278.89,57952.0,3030.0,1495.8947361136104,31831.0,57952.0,0.6,0.4,9,89494.42,59176.0,3154.0,1433.424823568411,28885.0,59176.0,0.6,0.4
