Computing_Time,Num_Of_Var,IWSP,VAP,MTSP,Inventory_Cost,Total_Fixed_Cost,Total_Variable_Cost,Crossover_Rate,Mutation_Rate
39687,9,114877.44,84170.0,3123.0,1485.4352269217845,29222.0,84170.0,0.6,0.3,7,111105.84,87514.0,3373.0,1454.8433414285741,22137.0,87514.0,0.6,0.3
37919,7,118267.56,83884.0,3174.0,1364.5620284274917,33019.0,83884.0,0.6,0.3,6,111106.46,88575.0,3430.0,1331.4608901802064,21200.0,88575.0,0.6,0.3,10,124139.17,82903.0,2962.0,1646.1665398371158,39590.0,82903.0,0.6,0.3
37650,12,122610.38,78951.0,2724.0,1829.3849348084987,41830.0,78951.0,0.6,0.3,9,111434.54,78328.0,2924.0,1322.5385364899607,31784.0,78328.0,0.6,0.3
36706,8,125293.4,85488.0,3319.0,1578.3979838690932,38227.0,85488.0,0.6,0.3,8,127237.76,84626.0,3201.0,1443.759264452486,41168.0,84626.0,0.6,0.3,5,114373.8,93010.0,3842.0,1256.800506559882,20107.0,93010.0,0.6,0.3
37632,9,128442.41,84579.0,3088.0,1435.4136997062474,42428.0,84579.0,0.6,0.3
38100,8,124031.1,91811.0,3679.0,1619.0989035957862,30601.0,91811.0,0.6,0.3
37815,9,119887.25,80164.0,2953.0,1440.2546572598403,38283.0,80164.0,0.6,0.3
39226,8,112219.17,87541.0,3336.0,1533.1687894243682,23145.0,87541.0,0.6,0.3,9,113841.21,87262.0,3357.0,1464.2077946127743,25115.0,87262.0,0.6,0.3
38398,9,116200.08,83388.0,3249.0,1625.0759439011715,31187.0,83388.0,0.6,0.3
39196,10,112461.03,81827.0,2949.0,1532.0256505035254,29102.0,81827.0,0.6,0.3
37758,9,132392.07,85657.0,3263.0,1586.0725655895496,45149.0,85657.0,0.6,0.3,8,123030.55,88059.0,3352.0,1717.5505696168354,33254.0,88059.0,0.6,0.3
38446,8,119715.58,87076.0,3290.0,1588.5759291013417,31051.0,87076.0,0.6,0.3
37814,7,130599.49,93034.0,3662.0,1259.4921280420622,36306.0,93034.0,0.6,0.3
36783,9,122089.68,84405.0,3157.0,1471.6754623189495,36213.0,84405.0,0.6,0.3,6,115978.2,93210.0,3857.0,1175.1956196742228,21593.0,93210.0,0.6,0.3
36389,7,120943.32,89432.0,3462.0,1202.3200151059666,30309.0,89432.0,0.6,0.3
36741,9,126332.2,81373.0,3106.0,1494.2034598284274,43465.0,81373.0,0.6,0.3,5,113254.75,91957.0,3931.0,1189.7455907156657,20108.0,91957.0,0.6,0.3,6,109699.9,94403.0,3987.0,1156.8975721996912,14140.0,94403.0,0.6,0.3,8,117436.11,84926.0,3310.0,1262.1054447574868,31248.0,84926.0,0.6,0.3
36894,5,121059.54,99173.0,4120.0,1217.544442055071,20669.0,99173.0,0.6,0.3
36330,6,114267.46,88631.0,3426.0,1459.4567765782253,24177.0,88631.0,0.6,0.3,8,117928.19,85308.0,3251.0,1481.188753133692,31139.0,85308.0,0.6,0.3,9,126861.56,82951.0,3014.0,1647.5637114424853,42263.0,82951.0,0.6,0.3
38091,8,128313.87,84564.0,3122.0,1342.8739233140075,42407.0,84564.0,0.6,0.3
36259,12,121779.98,77982.0,2682.0,1796.9812804713206,42001.0,77982.0,0.6,0.3,8,117999.82,82550.0,2990.0,1378.8152294133017,34071.0,82550.0,0.6,0.3
