Computing_Time,Num_Of_Var,IWSP,VAP,MTSP,Inventory_Cost,Total_Fixed_Cost,Total_Variable_Cost,Crossover_Rate,Mutation_Rate
38712,9,127798.56,86866.0,3744.0,1281.556110584992,39651.0,86866.0,0.8,0.3
39492,9,114988.68,81394.0,3071.0,1274.6805443369715,32320.0,81394.0,0.8,0.3,10,125236.06,80522.0,3162.0,1307.0579569646875,43407.0,80522.0,0.8,0.3
39004,10,118834.24,78660.0,2963.0,1704.2443809055287,38470.0,78660.0,0.8,0.3,7,110660.44,83893.0,3354.0,1194.4354904194515,25573.0,83893.0,0.8,0.3
40208,8,120492.75,82237.0,3320.0,1235.7541003909666,37020.0,82237.0,0.8,0.3
39632,9,120119.89,80410.0,3147.0,1236.8878518902138,38473.0,80410.0,0.8,0.3
38976,11,135570.3,79508.0,3104.0,1491.3021475351543,54571.0,79508.0,0.8,0.3,9,123650.59,82875.0,3302.0,1218.5912517653524,39557.0,82875.0,0.8,0.3
38518,10,116940.04,79767.0,2964.0,1582.0386303506095,35591.0,79767.0,0.8,0.3
38368,10,118184.68,76378.0,2813.0,1564.6815976390199,40242.0,76378.0,0.8,0.3,10,117831.27,76086.0,2930.0,1625.2669311050645,40120.0,76086.0,0.8,0.3
38143,10,131106.99,79756.0,2977.0,1458.9882887547487,49892.0,79756.0,0.8,0.3
38345,10,118680.35,81778.0,3188.0,1566.3509054098822,35336.0,81778.0,0.8,0.3
37561,6,112675.79,86600.0,3604.0,927.7904045315728,25148.0,86600.0,0.8,0.3,9,126262.03,79932.0,3029.0,1419.0311505056968,44911.0,79932.0,0.8,0.3
37853,6,112756.81,87053.0,3715.0,1155.8056883159597,24548.0,87053.0,0.8,0.3,10,124722.03,77347.0,2880.0,1455.0334436316523,45920.0,77347.0,0.8,0.3,7,117638.78,87383.0,3423.0,1125.7753413942007,29130.0,87383.0,0.8,0.3
37968,8,112496.88,84074.0,3429.0,1022.8769178518827,27400.0,84074.0,0.8,0.3
38104,12,128639.5,78024.0,2968.0,1696.4953413022058,48919.0,78024.0,0.8,0.3,7,118113.3,84129.0,3381.0,1062.2958883879865,32922.0,84129.0,0.8,0.3
38039,4,109082.74,92983.0,4236.0,881.73911351208,15218.0,92983.0,0.8,0.3
37718,5,102264.48,85683.0,3793.0,778.4833503942076,15803.0,85683.0,0.8,0.3
37932,9,115636.11,81798.0,3285.0,1389.1092534369511,32449.0,81798.0,0.8,0.3,10,124075.22,79570.0,3087.0,1308.2173431108642,43197.0,79570.0,0.8,0.3
37451,8,106060.11,81931.0,3264.0,1041.1056179491225,23088.0,81931.0,0.8,0.3
38552,11,126796.14,77082.0,2909.0,1398.1370948282395,48316.0,77082.0,0.8,0.3,9,119974.17,80752.0,3158.0,1315.1716851405372,37907.0,80752.0,0.8,0.3
37774,7,103283.17,83184.0,3440.0,1200.1658235684897,18899.0,83184.0,0.8,0.3,10,118264.91,76761.0,2736.0,1396.9105944709117,40107.0,76761.0,0.8,0.3,9,108181.74,82127.0,3232.0,1342.744325795193,24712.0,82127.0,0.8,0.3
