Computing_Time,Num_Of_Var,IWSP,VAP,MTSP,Inventory_Cost,Total_Fixed_Cost,Total_Variable_Cost,Crossover_Rate,Mutation_Rate
37191,11,142656.52,83082.0,2743.0,1198.5233587140635,58376.0,83082.0,0.5,0.3,10,134307.72,86320.0,3051.0,1296.716701876494,46691.0,86320.0,0.5,0.3,5,111885.8,94920.0,3967.0,1006.7991640762531,15959.0,94920.0,0.5,0.3
36444,5,121452.55,100144.0,4219.0,975.545160699766,20333.0,100144.0,0.5,0.3,10,124113.22,81604.0,2752.0,1400.2237718401452,41109.0,81604.0,0.5,0.3
36617,11,134388.91,81305.0,2673.0,1247.9130005111735,51836.0,81305.0,0.5,0.3,7,113286.16,85833.0,3089.0,1010.1553968754704,26443.0,85833.0,0.5,0.3
36749,10,124457.6,83434.0,2835.0,1114.6016054475817,39909.0,83434.0,0.5,0.3
37345,8,120527.59,86617.0,3055.0,1243.587612740995,32667.0,86617.0,0.5,0.3,9,133045.02,85481.0,3081.0,1015.0154658617472,46549.0,85481.0,0.5,0.3
36752,9,121511.97,85465.0,3110.0,967.9741182607295,35079.0,85465.0,0.5,0.3,10,135074.69,82413.0,2674.0,1157.688230418272,51504.0,82413.0,0.5,0.3,10,133562.78,82023.0,2753.0,1211.7799297533963,50328.0,82023.0,0.5,0.3,7,107973.4,87502.0,3208.0,1275.403424254737,19196.0,87502.0,0.5,0.3,7,123528.42,88777.0,3056.0,1376.416282848291,33375.0,88777.0,0.5,0.3
37226,10,133496.43,84873.0,3020.0,1126.4272356326203,47497.0,84873.0,0.5,0.3,7,123832.7,96437.0,3789.0,1067.7015532331588,26328.0,96437.0,0.5,0.3
36892,10,129967.46,82641.0,2933.0,1291.4577933040518,46035.0,82641.0,0.5,0.3,12,147526.25,79658.0,2502.0,1335.2455059396298,66533.0,79658.0,0.5,0.3,10,131526.15,82995.0,2866.0,1027.1473672784373,47504.0,82995.0,0.5,0.3
36601,8,124058.48,83007.0,2888.0,1113.4788459711613,39938.0,83007.0,0.5,0.3
36444,13,155633.64,79040.0,2517.0,1103.6424689410846,75490.0,79040.0,0.5,0.3,6,126105.29,89887.0,3431.0,1042.2874643915188,35176.0,89887.0,0.5,0.3
35776,11,142000.58,81904.0,2796.0,1388.578052708213,58708.0,81904.0,0.5,0.3,16,147932.42,77386.0,2365.0,1782.420987226066,68764.0,77386.0,0.5,0.3,5,119352.3,95277.0,3727.0,1419.2951854775636,22656.0,95277.0,0.5,0.3,7,121531.5,87826.0,3220.0,925.499955909969,32780.0,87826.0,0.5,0.3
35807,10,127405.52,82991.0,2863.0,1126.5153807565957,43288.0,82991.0,0.5,0.3
36091,7,127433.88,92937.0,3621.0,909.8829824631663,33587.0,92937.0,0.5,0.3,9,130173.28,84745.0,3039.0,992.2806988081771,44436.0,84745.0,0.5,0.3,10,136995.27,82729.0,2866.0,931.2700233637848,53335.0,82729.0,0.5,0.3,8,128844.76,87102.0,3109.0,576.7580301972761,41166.0,87102.0,0.5,0.3,10,138376.93,82449.0,2820.0,1337.929363920537,54590.0,82449.0,0.5,0.3
36563,9,122467.79,83522.0,2944.0,1031.7907485393098,37914.0,83522.0,0.5,0.3,13,136746.72,78820.0,2518.0,1260.7244138946382,56666.0,78820.0,0.5,0.3
36498,9,130942.32,84806.0,2986.0,1056.3208481403317,45080.0,84806.0,0.5,0.3,6,119940.08,93725.0,3833.0,840.0800103172511,25375.0,93725.0,0.5,0.3,10,132638.63,84796.0,2989.0,960.6287142372645,46882.0,84796.0,0.5,0.3,11,143222.36,82044.0,2816.0,1110.3563706970895,60068.0,82044.0,0.5,0.3
36049,12,134396.16,81076.0,2711.0,1006.1587047077094,52314.0,81076.0,0.5,0.3,8,131913.41,87076.0,3090.0,1001.406476290261,43836.0,87076.0,0.5,0.3,10,136297.2,81291.0,2699.0,906.2022629765656,54100.0,81291.0,0.5,0.3,10,132417.94,83224.0,2768.0,1423.9396769821137,47770.0,83224.0,0.5,0.3,8,122510.18,87526.0,3127.0,969.1835538313594,34015.0,87526.0,0.5,0.3
36823,9,125773.27,82442.0,2777.0,1320.2657488180987,42011.0,82442.0,0.5,0.3,11,136286.14,79980.0,2561.0,1115.1351128359788,55191.0,79980.0,0.5,0.3
36644,9,128948.54,85337.0,3016.0,1092.5373422777513,42519.0,85337.0,0.5,0.3,13,135947.95,77681.0,2457.0,1368.9468716630868,56898.0,77681.0,0.5,0.3,8,121109.59,84727.0,3124.0,969.5860543090802,35413.0,84727.0,0.5,0.3
36889,12,154986.77,82670.0,2639.0,1500.768122607189,70816.0,82670.0,0.5,0.3,10,132816.35,80510.0,2682.0,900.3504814419858,51406.0,80510.0,0.5,0.3
36844,11,139888.17,79207.0,2540.0,1126.168745735906,59555.0,79207.0,0.5,0.3,11,130312.88,80758.0,2713.0,1290.88063027598,48264.0,80758.0,0.5,0.3,7,114226.73,86878.0,3180.0,1510.730587299747,25838.0,86878.0,0.5,0.3
