Computing_Time,Num_Of_Var,IWSP,VAP,MTSP,Inventory_Cost,Total_Fixed_Cost,Total_Variable_Cost,Crossover_Rate,Mutation_Rate
39025,18,153953.17,56461.0,1670.0,1526.1705767084825,95966.0,56461.0,0.7,0.3
37456,16,151572.09,60801.0,1896.0,1667.0855215632089,89104.0,60801.0,0.7,0.3
37946,15,148426.75,56071.0,1757.0,1535.7459186780088,90820.0,56071.0,0.7,0.3,14,137006.35,57823.0,1806.0,1520.3541042699744,77663.0,57823.0,0.7,0.3
37762,12,128988.48,59566.0,2065.0,1543.4819479296602,67879.0,59566.0,0.7,0.3,14,133919.11,57896.0,1853.0,1673.105062045423,74350.0,57896.0,0.7,0.3
37628,17,161917.68,55156.0,1687.0,1684.680501562642,105077.0,55156.0,0.7,0.3
37605,19,158017.41,55027.0,1546.0,1631.4078081645757,101359.0,55027.0,0.7,0.3,12,134825.16,57605.0,1875.0,1354.1575602035382,75866.0,57605.0,0.7,0.3,12,124868.29,60467.0,2102.0,1355.2928436735033,63046.0,60467.0,0.7,0.3,16,147798.79,58447.0,1803.0,1599.78999157314,87752.0,58447.0,0.7,0.3
37819,16,153217.14,56912.0,1771.0,1548.1393954995226,94757.0,56912.0,0.7,0.3,12,137803.89,58848.0,2039.0,1226.891269111277,77729.0,58848.0,0.7,0.3
38054,13,131983.29,57100.0,1889.0,1545.2874702928013,73338.0,57100.0,0.7,0.3,17,155045.55,56749.0,1740.0,1489.552470748221,96807.0,56749.0,0.7,0.3
38437,14,130144.44,57524.0,1849.0,1837.4441279928812,70783.0,57524.0,0.7,0.3
38057,12,130324.68,59873.0,1961.0,1325.679749820104,69126.0,59873.0,0.7,0.3
37576,19,165252.91,55877.0,1717.0,1627.9092335304524,107748.0,55877.0,0.7,0.3
36843,12,123437.37,57446.0,2247.0,1356.3689661580086,64635.0,57446.0,0.7,0.3
37558,13,124818.57,59929.0,1971.0,1623.5661624367124,63266.0,59929.0,0.7,0.3,11,111025.26,59864.0,2109.0,1185.2641949758863,49976.0,59864.0,0.7,0.3
38830,13,142161.19,56705.0,1806.0,1391.1870381524814,84065.0,56705.0,0.7,0.3,17,148945.07,58455.0,1797.0,1459.0695505308172,89031.0,58455.0,0.7,0.3
37083,14,143740.04,56747.0,1779.0,1425.0429448241248,85568.0,56747.0,0.7,0.3
36387,10,107590.27,49776.0,2047.0,1309.2740382003683,56505.0,49776.0,0.7,0.3
36187,14,134322.5,54712.0,1931.0,1581.500125022093,78029.0,54712.0,0.7,0.3
37066,17,147769.64,57707.0,1786.0,1660.6382399569989,88402.0,57707.0,0.7,0.3
36770,10,100124.68,59730.0,2117.0,1403.681244343575,38991.0,59730.0,0.7,0.3,12,129490.11,59406.0,1935.0,1411.1091795200084,68673.0,59406.0,0.7,0.3
37183,15,135844.61,59085.0,1875.0,1487.6110864555365,75272.0,59085.0,0.7,0.3
