Computing_Time,Num_Of_Var,IWSP,VAP,MTSP,Inventory_Cost,Total_Fixed_Cost,Total_Variable_Cost,Crossover_Rate,Mutation_Rate
38425,11,105084.97,70430.0,2717.0,1555.9659952792751,33099.0,70430.0,0.8,0.4,9,100078.59,71651.0,2835.0,1396.5902484633166,27031.0,71651.0,0.8,0.4,9,99600.7,75229.0,3135.0,1360.695654590896,23011.0,75229.0,0.8,0.4
38293,5,111719.37,94657.0,4809.0,1125.3718066220617,15937.0,94657.0,0.8,0.4
38280,10,97852.89,68666.0,2604.0,1350.893331637701,27836.0,68666.0,0.8,0.4,11,114480.43,68570.0,2652.0,1589.4289595395876,44321.0,68570.0,0.8,0.4
38347,9,111207.8,71787.0,2939.0,1299.804488008497,38121.0,71787.0,0.8,0.4,9,104889.12,72626.0,3066.0,1425.1186530661546,30838.0,72626.0,0.8,0.4,4,101777.12,89545.0,4372.0,985.1225476348186,11247.0,89545.0,0.8,0.4
38108,11,101472.73,66958.0,2548.0,1522.733320764548,32992.0,66958.0,0.8,0.4,5,97953.13,88048.0,4269.0,924.1276212120113,8981.0,88048.0,0.8,0.4,10,101226.34,70660.0,2883.0,1530.3352357148801,29036.0,70660.0,0.8,0.4
38128,9,98976.13,70622.0,2898.0,1115.1303919205304,27239.0,70622.0,0.8,0.4
37877,7,99514.2,80325.0,3583.0,1282.2029567195664,17907.0,80325.0,0.8,0.4,5,98689.36,84538.0,4104.0,1141.3592257758914,13010.0,84538.0,0.8,0.4,11,109897.76,71174.0,2921.0,1614.7631614060247,37109.0,71174.0,0.8,0.4
38097,10,112200.85,71731.0,2883.0,1367.848800387695,39102.0,71731.0,0.8,0.4,13,120357.15,69051.0,2622.0,1753.1526547096248,49553.0,69051.0,0.8,0.4
38568,12,115203.1,69617.0,2580.0,1555.1044543858195,44031.0,69617.0,0.8,0.4,9,107745.17,72227.0,2941.0,1294.1699933401674,34224.0,72227.0,0.8,0.4
38249,11,103999.88,73373.0,2968.0,1407.8849914143154,29219.0,73373.0,0.8,0.4,11,107962.76,70826.0,2644.0,1355.7558762963483,35781.0,70826.0,0.8,0.4
38001,4,104351.88,85765.0,4262.0,745.8781425361249,17841.0,85765.0,0.8,0.4,10,118423.26,70345.0,2827.0,1523.2620772941286,46555.0,70345.0,0.8,0.4
38254,9,101377.93,72211.0,2980.0,1282.9264565408266,27884.0,72211.0,0.8,0.4,7,96928.31,77797.0,3435.0,1143.3131196696202,17988.0,77797.0,0.8,0.4
38449,8,99765.64,72605.0,3037.0,1279.6437313945016,25881.0,72605.0,0.8,0.4
38367,11,106273.96,68552.0,2681.0,1470.960421401663,36251.0,68552.0,0.8,0.4,10,97489.75,71083.0,2773.0,1417.7474049228172,24989.0,71083.0,0.8,0.4
38299,9,99652.56,70192.0,2907.0,1594.5600934098402,27866.0,70192.0,0.8,0.4
38606,10,109133.7,75376.0,3109.0,1448.703126497289,32309.0,75376.0,0.8,0.4,9,124013.4,74181.0,3163.0,1510.401797308005,48322.0,74181.0,0.8,0.4,3,101659.18,90722.0,4717.0,897.1843965690111,10040.0,90722.0,0.8,0.4
41409,10,126494.56,71446.0,2951.0,1650.5602254366422,53398.0,71446.0,0.8,0.4,10,119908.78,71731.0,2834.0,1623.776014609734,46554.0,71731.0,0.8,0.4,8,103420.6,75850.0,3308.0,1321.5985711673427,26249.0,75850.0,0.8,0.4
42597,11,101023.31,70688.0,2647.0,1536.312292383752,28799.0,70688.0,0.8,0.4,7,96710.73,77552.0,3238.0,1155.7273986151552,18003.0,77552.0,0.8,0.4
42919,6,103851.84,82510.0,3737.0,1049.8402774797767,20292.0,82510.0,0.8,0.4
43419,7,99503.54,80258.0,3678.0,1291.5408147083006,17954.0,80258.0,0.8,0.4,8,100098.37,75763.0,3130.0,1285.3712266174455,23050.0,75763.0,0.8,0.4
