Computing_Time,Num_Of_Var,IWSP,VAP,MTSP,Inventory_Cost,Total_Fixed_Cost,Total_Variable_Cost,Crossover_Rate,Mutation_Rate
38745,15,156998.42,78592.0,1810.0,1539.4203241384448,76867.0,78592.0,0.9,0.3
40677,17,170426.19,82485.0,1742.0,1612.1857946921436,86329.0,82485.0,0.9,0.3
40148,13,143748.55,76278.0,2045.0,1432.5469572393665,66038.0,76278.0,0.9,0.3
39601,16,150094.86,73115.0,1701.0,1607.8632334148729,75372.0,73115.0,0.9,0.3
38764,15,156151.43,80358.0,1848.0,1611.433912490782,74182.0,80358.0,0.9,0.3
40603,15,158314.8,81900.0,1759.0,1405.8036030130327,75009.0,81900.0,0.9,0.3,13,156785.86,83918.0,1907.0,1463.855316819975,71404.0,83918.0,0.9,0.3
40413,17,172978.88,81778.0,1650.0,1661.8753920733334,89539.0,81778.0,0.9,0.3
40781,12,159259.14,86473.0,2137.0,1372.142234030302,71414.0,86473.0,0.9,0.3
40276,20,184755.91,82069.0,1588.0,1736.9116693980288,100950.0,82069.0,0.9,0.3
40092,13,152160.67,79199.0,1888.0,1546.66829027057,71415.0,79199.0,0.9,0.3
39883,15,156596.62,76720.0,2012.0,1461.6218355970827,78415.0,76720.0,0.9,0.3
40595,15,168877.99,82632.0,1758.0,1566.9897047762715,84679.0,82632.0,0.9,0.3
41587,17,159651.9,81755.0,1763.0,1643.8971139685868,76253.0,81755.0,0.9,0.3
40793,19,166941.89,71478.0,1509.0,1704.890217472225,93759.0,71478.0,0.9,0.3
40693,18,173000.16,83406.0,1777.0,1658.1577749204698,87936.0,83406.0,0.9,0.3,14,160502.72,86007.0,2115.0,1463.7206800750812,73032.0,86007.0,0.9,0.3
39866,15,160696.49,81837.0,1779.0,1485.4854588942017,77374.0,81837.0,0.9,0.3
40483,17,175343.62,76731.0,1680.0,1582.6242120531915,97030.0,76731.0,0.9,0.3,14,171355.73,80324.0,2019.0,1491.73172874999,89540.0,80324.0,0.9,0.3
40793,14,159166.54,78192.0,1875.0,1604.5440374769921,79370.0,78192.0,0.9,0.3
40449,13,162615.07,79664.0,1929.0,1515.0696145248457,81436.0,79664.0,0.9,0.3
39963,12,159276.98,83609.0,2047.0,1275.9780437785382,74392.0,83609.0,0.9,0.3
