Computing_Time,Num_Of_Var,IWSP,VAP,MTSP,Inventory_Cost,Total_Fixed_Cost,Total_Variable_Cost,Crossover_Rate,Mutation_Rate
261719,25,286390.96,170365.0,6445.0,4035.960388494582,111990.0,170365.0,0.5,0.3
257619,22,274374.01,178330.0,6924.0,3609.0120828271743,92435.0,178330.0,0.5,0.3,24,290343.51,168039.0,6212.0,4253.505751084277,118051.0,168039.0,0.5,0.3
267547,27,306961.36,167096.0,6182.0,4506.358229153663,135359.0,167096.0,0.5,0.3
267819,24,296708.18,172735.0,6535.0,4071.1840824011947,119902.0,172735.0,0.5,0.3
267638,26,293822.39,168730.0,6264.0,3893.3902528145645,121199.0,168730.0,0.5,0.3
270625,28,302862.7,163186.0,5893.0,4348.700815849251,135328.0,163186.0,0.5,0.3
273828,23,290489.66,170110.0,6461.0,4305.662903549904,116074.0,170110.0,0.5,0.3
275670,28,332474.64,170542.0,6323.0,4495.644106741483,157437.0,170542.0,0.5,0.3
280366,25,309187.6,170534.0,6319.0,4072.5990297673598,134581.0,170534.0,0.5,0.3
291548,25,288639.95,165814.0,6101.0,4413.949045094121,118412.0,165814.0,0.5,0.3
285449,24,282413.36,169176.0,6266.0,3658.364338509549,109579.0,169176.0,0.5,0.3
286814,22,292941.46,176844.0,6907.0,3524.4620961303926,112573.0,176844.0,0.5,0.3
282789,25,283994.99,174204.0,6624.0,3934.9919348433286,105856.0,174204.0,0.5,0.3,28,288329.34,160430.0,5734.0,4282.337589174085,123617.0,160430.0,0.5,0.3
283312,27,305812.07,168282.0,6147.0,4632.073617985363,132898.0,168282.0,0.5,0.3,25,290546.29,168953.0,6328.0,4177.285982101741,117416.0,168953.0,0.5,0.3
280729,25,296666.54,167236.0,6109.0,3763.535413219174,125667.0,167236.0,0.5,0.3
289372,26,301795.99,165448.0,6107.0,4226.989490893709,132121.0,165448.0,0.5,0.3
276724,23,292781.18,173860.0,6677.0,3800.1754833791156,115121.0,173860.0,0.5,0.3
267256,24,290030.39,168123.0,6284.0,4361.394748018726,117546.0,168123.0,0.5,0.3
267841,25,311570.09,172015.0,6520.0,4092.085524969463,135463.0,172015.0,0.5,0.3
278866,18,273052.18,179518.0,7025.0,3259.175389243287,90275.0,179518.0,0.5,0.3
