Computing_Time,Num_Of_Var,IWSP,VAP,MTSP,Inventory_Cost,Total_Fixed_Cost,Total_Variable_Cost,Crossover_Rate,Mutation_Rate
38963,10,135438.07,72555.0,2658.0,1562.0680236347753,61321.0,72555.0,0.6,0.2,10,132596.95,74307.0,2766.0,1565.9505672637647,56724.0,74307.0,0.6,0.2,10,124558.02,73115.0,2880.0,1483.0190368516041,49960.0,73115.0,0.6,0.2,9,122865.06,75762.0,2999.0,1419.0590570157224,45684.0,75762.0,0.6,0.2,11,137769.06,71182.0,2519.0,1673.0563939383073,64914.0,71182.0,0.6,0.2,10,127333.42,71976.0,2794.0,1603.4202201412368,53754.0,71976.0,0.6,0.2
39703,10,120201.45,75123.0,2921.0,1404.4530319408443,43674.0,75123.0,0.6,0.2,10,124104.79,72727.0,2808.0,1570.7941989911524,49807.0,72727.0,0.6,0.2,10,128724.84,73835.0,2789.0,1458.8446090964676,53431.0,73835.0,0.6,0.2,9,121111.36,74023.0,2778.0,1457.3583227034683,45631.0,74023.0,0.6,0.2,12,138940.59,72039.0,2646.0,1617.5867490994556,65284.0,72039.0,0.6,0.2,13,145415.72,70061.0,2557.0,1516.7190321480978,73838.0,70061.0,0.6,0.2
39929,9,124832.71,74304.0,3088.0,1344.7108673598398,49184.0,74304.0,0.6,0.2,12,141938.84,69963.0,2474.0,1599.836087337547,70376.0,69963.0,0.6,0.2,13,143654.28,68512.0,2445.0,1628.2809196863498,73514.0,68512.0,0.6,0.2,12,132520.61,71322.0,2686.0,1698.6115387803895,59500.0,71322.0,0.6,0.2,8,120961.62,78640.0,3270.0,1183.6202425434533,41138.0,78640.0,0.6,0.2
38462,10,125913.61,73931.0,2741.0,1464.605243555232,50518.0,73931.0,0.6,0.2,8,116363.29,78332.0,3214.0,1390.289179570094,36641.0,78332.0,0.6,0.2,13,144588.27,69196.0,2504.0,1611.2669765085566,73781.0,69196.0,0.6,0.2,7,119360.49,77544.0,3188.0,1335.485761711963,40481.0,77544.0,0.6,0.2,10,126484.07,71187.0,2611.0,1628.072482940359,53669.0,71187.0,0.6,0.2,8,119387.35,77447.0,3132.0,1437.351745231098,40503.0,77447.0,0.6,0.2,12,135607.41,71138.0,2626.0,1624.4086931393656,62845.0,71138.0,0.6,0.2,11,135597.89,72044.0,2562.0,1692.8919323606842,61861.0,72044.0,0.6,0.2,9,124169.11,73960.0,2909.0,1425.1147680992926,48784.0,73960.0,0.6,0.2,9,124537.79,73950.0,2840.0,1441.7910617075727,49146.0,73950.0,0.6,0.2
40782,14,150827.72,66627.0,2224.0,1801.722612626729,82399.0,66627.0,0.6,0.2,13,149935.96,70060.0,2471.0,1723.9563579422943,78152.0,70060.0,0.6,0.2,10,138393.25,73065.0,2781.0,1313.2547072904304,64015.0,73065.0,0.6,0.2,9,125294.99,75274.0,2766.0,1256.989694528701,48764.0,75274.0,0.6,0.2,6,115082.91,79510.0,3418.0,888.9102642787598,34684.0,79510.0,0.6,0.2,11,139771.32,73342.0,2664.0,1531.3195198828605,64898.0,73342.0,0.6,0.2
38618,13,138341.83,69183.0,2510.0,1739.8303823559697,67419.0,69183.0,0.6,0.2,9,120893.61,74107.0,2827.0,1296.6085877291976,45490.0,74107.0,0.6,0.2,10,122879.27,71480.0,2703.0,1367.273310276642,50032.0,71480.0,0.6,0.2
39174,10,125531.25,74569.0,2755.0,1223.2481961247076,49739.0,74569.0,0.6,0.2,13,144224.55,68202.0,2347.0,1642.5503120892977,74380.0,68202.0,0.6,0.2,11,128086.81,72069.0,2581.0,1469.8148753784742,54548.0,72069.0,0.6,0.2,10,125570.67,74102.0,2757.0,1172.6665575083111,50296.0,74102.0,0.6,0.2,9,125403.51,75033.0,2930.0,1580.508046002674,48790.0,75033.0,0.6,0.2,7,115721.64,78713.0,3186.0,1169.6389203061754,35839.0,78713.0,0.6,0.2
38564,10,120781.67,72218.0,2708.0,1484.6743376225518,47079.0,72218.0,0.6,0.2,9,120723.36,73171.0,2976.0,1473.3569046050893,46079.0,73171.0,0.6,0.2,11,135080.98,71882.0,2619.0,1590.9829526607869,61608.0,71882.0,0.6,0.2,8,117549.15,76278.0,3137.0,1672.152880742554,39599.0,76278.0,0.6,0.2,14,146686.62,69241.0,2394.0,1715.6152927603864,75730.0,69241.0,0.6,0.2,6,114285.09,84026.0,3671.0,1011.0941915730115,29248.0,84026.0,0.6,0.2,11,128186.33,71884.0,2601.0,1766.3268557719707,54536.0,71884.0,0.6,0.2,10,137198.74,71533.0,2676.0,1514.7351713487178,64151.0,71533.0,0.6,0.2
38671,10,125384.15,70609.0,2713.0,1383.1473298314631,53392.0,70609.0,0.6,0.2,7,118237.57,80846.0,3313.0,1305.5660782902996,36086.0,80846.0,0.6,0.2,6,109060.16,83040.0,3704.0,958.158077031292,25062.0,83040.0,0.6,0.2,6,118483.76,79039.0,3290.0,1218.7559932863896,38226.0,79039.0,0.6,0.2,12,138312.92,70814.0,2552.0,1610.9206301142196,65888.0,70814.0,0.6,0.2,11,134669.4,71102.0,2673.0,1494.4033060285178,62073.0,71102.0,0.6,0.2,11,134030.47,71437.0,2616.0,1564.4696148053788,61029.0,71437.0,0.6,0.2,9,124306.34,75283.0,2999.0,1345.3409987911384,47678.0,75283.0,0.6,0.2,8,118780.34,77749.0,3203.0,1173.3438326056046,39858.0,77749.0,0.6,0.2
39358,10,129040.09,70695.0,2688.0,1569.0889890148674,56776.0,70695.0,0.6,0.2,8,119964.79,77911.0,3073.0,1225.785522976598,40828.0,77911.0,0.6,0.2,10,123367.95,71904.0,2605.0,1361.9487204186237,50102.0,71904.0,0.6,0.2
39922,10,126060.01,71847.0,2635.0,1305.00729786342,52908.0,71847.0,0.6,0.2,9,125136.55,75334.0,2852.0,1330.5465253635048,48472.0,75334.0,0.6,0.2,13,148645.6,68883.0,2430.0,1667.6048484783196,78095.0,68883.0,0.6,0.2,11,134123.77,71142.0,2691.0,1364.7720909877444,61617.0,71142.0,0.6,0.2,12,134961.17,69777.0,2472.0,1526.1702159062825,63658.0,69777.0,0.6,0.2
39069,5,111815.98,84739.0,3846.0,1354.9777982457558,25722.0,84739.0,0.6,0.2,12,132985.31,68689.0,2446.0,1535.310809601904,62761.0,68689.0,0.6,0.2,11,126936.28,70888.0,2697.0,1486.27625877814,54562.0,70888.0,0.6,0.2,9,113492.0,76500.0,3012.0,1411.001701639572,35581.0,76500.0,0.6,0.2,10,120850.49,72696.0,2898.0,1473.4894619033075,46681.0,72696.0,0.6,0.2
40165,12,146549.14,68216.0,2351.0,1711.1422393951561,76622.0,68216.0,0.6,0.2,11,128083.92,71710.0,2559.0,1714.9206798228379,54659.0,71710.0,0.6,0.2,10,126429.6,73964.0,2776.0,1567.5964160303115,50898.0,73964.0,0.6,0.2,12,139254.75,70949.0,2621.0,1760.7476423272492,66545.0,70949.0,0.6,0.2,13,145694.72,69257.0,2474.0,1741.7200539818687,74696.0,69257.0,0.6,0.2,11,139293.94,69781.0,2592.0,1578.9352964316463,67934.0,69781.0,0.6,0.2,9,124009.22,78214.0,2995.0,1463.2161902450043,44332.0,78214.0,0.6,0.2
38877,11,131755.44,72714.0,2759.0,1469.4422847335438,57572.0,72714.0,0.6,0.2,12,150315.4,71197.0,2628.0,1505.3970785171043,77613.0,71197.0,0.6,0.2,12,152155.31,70157.0,2584.0,1529.3055871060267,80469.0,70157.0,0.6,0.2,11,147572.48,70810.0,2696.0,1458.4839159503315,75304.0,70810.0,0.6,0.2,7,115439.49,78656.0,3283.0,1378.491575113874,35405.0,78656.0,0.6,0.2,12,135514.3,71286.0,2591.0,1537.302960068225,62691.0,71286.0,0.6,0.2,9,121326.83,74607.0,2891.0,1382.8306523265815,45337.0,74607.0,0.6,0.2
38889,8,117591.02,76199.0,3041.0,1224.022062314025,40168.0,76199.0,0.6,0.2,10,126901.85,71689.0,2674.0,1273.8524342272328,53939.0,71689.0,0.6,0.2,10,123181.19,75182.0,2887.0,1504.1908034599307,46495.0,75182.0,0.6,0.2,12,136148.96,71734.0,2568.0,1477.9610531274377,62937.0,71734.0,0.6,0.2,12,142471.47,71250.0,2515.0,1592.4653478111034,69629.0,71250.0,0.6,0.2
37260,9,118581.84,75597.0,3065.0,1308.836495581619,41676.0,75597.0,0.6,0.2,9,127224.01,77651.0,2971.0,1394.0108088688967,48179.0,77651.0,0.6,0.2,6,117063.08,80823.0,3519.0,1246.0783676882652,34994.0,80823.0,0.6,0.2,13,141514.81,68685.0,2452.0,1699.8076737458887,71130.0,68685.0,0.6,0.2,10,129815.61,74466.0,2878.0,1544.6085135672915,53805.0,74466.0,0.6,0.2,12,134909.6,70553.0,2566.0,1535.5974354018997,62821.0,70553.0,0.6,0.2,11,136113.34,69910.0,2604.0,1396.3359760170777,64807.0,69910.0,0.6,0.2
38231,14,154565.26,66946.0,2346.0,1626.26150128896,85993.0,66946.0,0.6,0.2,10,135359.65,73233.0,2860.0,1413.6461837458996,60713.0,73233.0,0.6,0.2,13,153642.84,70512.0,2463.0,1612.8428960784963,81518.0,70512.0,0.6,0.2,10,127986.45,73268.0,2758.0,1384.447783078137,53334.0,73268.0,0.6,0.2,8,123027.18,76900.0,3198.0,1360.1807218014037,44767.0,76900.0,0.6,0.2,8,124207.59,74803.0,2859.0,1129.5919847486593,48275.0,74803.0,0.6,0.2,11,136211.34,69883.0,2618.0,1421.3372139892203,64907.0,69883.0,0.6,0.2,11,144944.59,70919.0,2578.0,1506.594405812561,72519.0,70919.0,0.6,0.2,6,121225.61,81540.0,3407.0,1187.6109720988266,38498.0,81540.0,0.6,0.2,12,138787.1,71385.0,2564.0,1545.0981650165277,65857.0,71385.0,0.6,0.2
38566,9,120202.98,76207.0,2957.0,1311.976135625651,42684.0,76207.0,0.6,0.2,11,132489.73,69261.0,2515.0,1639.7278912031597,61589.0,69261.0,0.6,0.2,8,122025.28,72913.0,2861.0,1344.2767682071963,47768.0,72913.0,0.6,0.2,10,124531.18,72309.0,2732.0,1502.1818616448786,50720.0,72309.0,0.6,0.2,9,118767.74,75752.0,3029.0,1290.738390493174,41725.0,75752.0,0.6,0.2,5,116590.66,85069.0,3847.0,1239.6591912520598,30282.0,85069.0,0.6,0.2,12,131044.77,69952.0,2472.0,1539.7676563335845,59553.0,69952.0,0.6,0.2
38775,13,151693.76,69292.0,2368.0,1615.758363103709,80786.0,69292.0,0.6,0.2,10,126532.06,72215.0,2660.0,1416.0632487854623,52901.0,72215.0,0.6,0.2,7,113613.78,76723.0,3109.0,1191.7782927625274,35699.0,76723.0,0.6,0.2,10,129562.46,70547.0,2595.0,1461.4575944112703,57554.0,70547.0,0.6,0.2,9,123860.16,74186.0,2859.0,1123.1618391835539,48551.0,74186.0,0.6,0.2,9,120808.75,74033.0,2899.0,1515.7499396620562,45260.0,74033.0,0.6,0.2,7,113700.78,76810.0,3024.0,1191.7782927625274,35699.0,76810.0,0.6,0.2
38997,10,128364.5,73529.0,2832.0,1653.4976829929199,53182.0,73529.0,0.6,0.2,8,117897.19,78585.0,3257.0,1461.1898837371164,37851.0,78585.0,0.6,0.2,9,119463.46,76411.0,3068.0,1559.4568341955412,41493.0,76411.0,0.6,0.2,12,138482.54,71265.0,2652.0,1599.5433114937966,65618.0,71265.0,0.6,0.2,10,131698.51,73039.0,2677.0,1345.5106886318997,57314.0,73039.0,0.6,0.2,11,135457.41,72587.0,2764.0,1668.411861707837,61202.0,72587.0,0.6,0.2,9,124813.17,75358.0,2953.0,1387.1692022898796,48068.0,75358.0,0.6,0.2,10,125458.77,74068.0,2871.0,1528.7698884651697,49862.0,74068.0,0.6,0.2
