Computing_Time,Num_Of_Var,IWSP,VAP,MTSP,Inventory_Cost,Total_Fixed_Cost,Total_Variable_Cost,Crossover_Rate,Mutation_Rate
38990,11,130236.3,81394.0,2169.0,1223.2979038982003,47619.0,81394.0,0.7,0.3,15,150939.34,78859.0,1728.0,1618.3385391007678,70462.0,78859.0,0.7,0.3,16,146447.28,77214.0,1757.0,1272.2755752806108,67961.0,77214.0,0.7,0.3
38487,15,143247.64,76132.0,1793.0,1535.641751360832,65580.0,76132.0,0.7,0.3,17,162295.95,72653.0,1599.0,1704.9547319391293,87938.0,72653.0,0.7,0.3
39003,18,152222.99,77399.0,1609.0,1613.994541029003,73210.0,77399.0,0.7,0.3,13,138784.59,69765.0,1921.0,1301.5919009461213,67718.0,69765.0,0.7,0.3
39151,13,137147.3,81104.0,1832.0,1360.2971790807223,54683.0,81104.0,0.7,0.3,16,160719.43,76609.0,1553.0,1543.432971917984,82567.0,76609.0,0.7,0.3,15,142974.74,78026.0,1791.0,1478.7388419923332,63470.0,78026.0,0.7,0.3
39028,17,158859.82,70913.0,1476.0,1710.8200932103466,86236.0,70913.0,0.7,0.3,18,152770.85,71029.0,1465.0,1728.849193715816,80013.0,71029.0,0.7,0.3
39620,15,147236.02,74181.0,1761.0,1616.024019145938,71439.0,74181.0,0.7,0.3,18,160900.05,78778.0,1712.0,1620.0543766729322,80502.0,78778.0,0.7,0.3
39310,14,133576.5,70232.0,1837.0,1589.496871642282,61755.0,70232.0,0.7,0.3
39415,15,141852.73,72466.0,1593.0,1381.7303860672425,68005.0,72466.0,0.7,0.3,19,155884.24,77478.0,1568.0,1599.237908519495,76807.0,77478.0,0.7,0.3
38660,14,139627.75,74280.0,1816.0,1518.7500254332765,63829.0,74280.0,0.7,0.3,16,162673.27,77489.0,1619.0,1742.2652187266324,83442.0,77489.0,0.7,0.3,15,147784.66,72634.0,1714.0,1580.6639567735162,73570.0,72634.0,0.7,0.3
39295,12,129288.8,76722.0,1948.0,1352.7954332638913,51214.0,76722.0,0.7,0.3,17,158224.17,77429.0,1590.0,1574.1677285780715,79221.0,77429.0,0.7,0.3,17,165803.51,76932.0,1692.0,1656.50557079617,87215.0,76932.0,0.7,0.3,14,140606.66,69478.0,1765.0,1378.662648513126,69750.0,69478.0,0.7,0.3
38523,17,158014.44,71752.0,1587.0,1516.4368715420428,84746.0,71752.0,0.7,0.3,15,136008.02,68040.0,1748.0,1483.0218028099812,66485.0,68040.0,0.7,0.3
39195,12,124761.62,82294.0,2094.0,1244.6193912020397,41223.0,82294.0,0.7,0.3,14,136871.73,77762.0,1718.0,1491.7315058161862,57618.0,77762.0,0.7,0.3,18,156101.29,74625.0,1514.0,1722.2884821587743,79754.0,74625.0,0.7,0.3
39066,18,171862.0,71381.0,1484.0,1825.0011377084422,98656.0,71381.0,0.7,0.3
39113,12,142169.47,78032.0,1818.0,1386.471438488207,62751.0,78032.0,0.7,0.3,18,149697.08,75517.0,1615.0,1712.0815572068307,72468.0,75517.0,0.7,0.3
39790,17,156551.07,77584.0,1613.0,1579.0672735058458,77388.0,77584.0,0.7,0.3,21,164865.95,75310.0,1425.0,1833.949781692619,87722.0,75310.0,0.7,0.3,18,158384.5,69774.0,1512.0,1733.502341828021,86877.0,69774.0,0.7,0.3
38830,15,152638.88,72717.0,1695.0,1634.8837166143358,78287.0,72717.0,0.7,0.3,13,126454.35,79470.0,1970.0,1243.3521905462803,45741.0,79470.0,0.7,0.3,19,164467.83,77046.0,1659.0,1621.8281971948222,85800.0,77046.0,0.7,0.3
38584,19,175170.51,76883.0,1542.0,1731.508444965334,96556.0,76883.0,0.7,0.3,14,141529.87,75199.0,1916.0,1489.866758928817,64841.0,75199.0,0.7,0.3,15,150367.83,78036.0,1657.0,1747.8310369585643,70584.0,78036.0,0.7,0.3
38720,15,163529.48,80076.0,1916.0,1729.47513289677,81724.0,80076.0,0.7,0.3
38412,17,149973.25,76282.0,1552.0,1609.2473181459982,72082.0,76282.0,0.7,0.3,15,148236.78,80562.0,1939.0,1403.7802029948075,66271.0,80562.0,0.7,0.3
38389,15,131907.31,69002.0,1760.0,1410.3112604039952,61495.0,69002.0,0.7,0.3,16,145834.49,75919.0,1598.0,1706.4858102551318,68209.0,75919.0,0.7,0.3
