Computing_Time,Num_Of_Var,IWSP,VAP,MTSP,Inventory_Cost,Total_Fixed_Cost,Total_Variable_Cost,Crossover_Rate,Mutation_Rate
8960,4,52722.44,30039.0,1343.0,539.4375843169809,22144.0,30039.0,0.6,0.3
8785,4,46297.2,29425.0,1365.0,384.19963904218434,16488.0,29425.0,0.6,0.3
8759,5,65585.49,30736.0,1436.0,579.4868983742258,34270.0,30736.0,0.6,0.3,6,67803.44,27886.0,1191.0,556.4449953921555,39361.0,27886.0,0.6,0.3
8730,5,63033.26,27995.0,1129.0,578.2601777351721,34460.0,27995.0,0.6,0.3,5,49862.51,28990.0,1226.0,588.509443714408,20284.0,28990.0,0.6,0.3
8842,6,61754.61,28531.0,1132.0,501.60845508391844,32722.0,28531.0,0.6,0.3,5,51021.51,30149.0,1291.0,588.509443714408,20284.0,30149.0,0.6,0.3
8694,5,61417.96,29325.0,1223.0,403.96287858619496,31689.0,29325.0,0.6,0.3,5,54168.29,29377.0,1206.0,449.28750824110784,24342.0,29377.0,0.6,0.3
8799,5,59822.74,28689.0,1269.0,469.735368360442,30664.0,28689.0,0.6,0.3
8741,5,51077.51,30205.0,1293.0,588.509443714408,20284.0,30205.0,0.6,0.3
8739,5,57533.01,29986.0,1361.0,624.0086252110525,26923.0,29986.0,0.6,0.3
8644,7,65536.09,28756.0,1176.0,809.0874171942859,35971.0,28756.0,0.6,0.3,5,50333.51,29461.0,1253.0,588.509443714408,20284.0,29461.0,0.6,0.3
8750,4,52137.44,29454.0,1288.0,539.4375843169809,22144.0,29454.0,0.6,0.3
8980,7,61133.22,27873.0,1145.0,744.2160159048318,32516.0,27873.0,0.6,0.3
8905,7,66303.46,29012.0,1154.0,789.4553561633049,36502.0,29012.0,0.6,0.3
8729,6,63146.86,27887.0,1153.0,693.8629500471097,34566.0,27887.0,0.6,0.3
8884,4,55548.88,32271.0,1469.0,285.8766466805669,22992.0,32271.0,0.6,0.3
8672,6,60451.77,27836.0,1089.0,601.7696250470683,32014.0,27836.0,0.6,0.3
8693,5,55578.29,30787.0,1323.0,449.28750824110784,24342.0,30787.0,0.6,0.3
8637,5,56265.29,31474.0,1338.0,449.28750824110784,24342.0,31474.0,0.6,0.3
8837,5,55927.29,31136.0,1323.0,449.28750824110784,24342.0,31136.0,0.6,0.3,4,56628.57,30043.0,1325.0,383.56793249616715,26202.0,30043.0,0.6,0.3
9034,5,62940.96,30848.0,1260.0,403.96287858619496,31689.0,30848.0,0.6,0.3
