Computing_Time,Num_Of_Var,IWSP,VAP,MTSP,Inventory_Cost,Total_Fixed_Cost,Total_Variable_Cost,Crossover_Rate,Mutation_Rate
8509,5,73976.02,36403.0,1290.0,409.0153414572378,37164.0,36403.0,0.5,0.2,5,71344.56,37020.0,1348.0,312.562576923408,34012.0,37020.0,0.5,0.2
8181,3,53916.32,38579.0,1483.0,341.3222946633746,14996.0,38579.0,0.5,0.2
8691,3,59912.7,38651.0,1448.0,330.7048231423959,20931.0,38651.0,0.5,0.2
8179,4,67718.57,38420.0,1371.0,352.5673731588953,28946.0,38420.0,0.5,0.2
8417,6,68771.13,36576.0,1364.0,422.1329004724287,31773.0,36576.0,0.5,0.2
8096,4,61228.88,38935.0,1499.0,294.8784111306102,21999.0,38935.0,0.5,0.2
8332,4,58675.34,39449.0,1636.0,404.337262392661,18822.0,39449.0,0.5,0.2
8213,5,72023.08,37902.0,1421.0,306.08327741859097,33815.0,37902.0,0.5,0.2
8474,4,63123.13,44011.0,1781.0,281.12934715300685,18831.0,44011.0,0.5,0.2
7929,3,61149.99,43094.0,1814.0,245.99386144931026,17810.0,43094.0,0.5,0.2
8262,5,68951.06,38816.0,1485.0,318.05743197558417,29817.0,38816.0,0.5,0.2
8039,4,63203.4,41084.0,1682.0,517.4012947688681,21602.0,41084.0,0.5,0.2
8270,3,56428.12,38437.0,1504.0,212.11541552268187,17779.0,38437.0,0.5,0.2,4,68607.85,36497.0,1302.0,501.84714905540346,31609.0,36497.0,0.5,0.2,5,69244.68,34877.0,1162.0,396.679553489105,33971.0,34877.0,0.5,0.2,4,67116.76,38012.0,1496.0,555.7598321980311,28549.0,38012.0,0.5,0.2
8286,2,58855.72,42863.0,1893.0,461.7210238614216,15531.0,42863.0,0.5,0.2
8196,3,66157.92,41877.0,1687.0,578.9157653056543,23702.0,41877.0,0.5,0.2,6,71198.31,35875.0,1126.0,623.311225511351,34700.0,35875.0,0.5,0.2
8107,4,60493.87,37795.0,1452.0,435.8703694830033,22263.0,37795.0,0.5,0.2
8168,5,65210.64,38090.0,1440.0,299.6382308328686,26821.0,38090.0,0.5,0.2,2,59859.29,49565.0,2514.0,225.29365804552256,10069.0,49565.0,0.5,0.2,4,63897.88,41985.0,1779.0,507.875281290046,21405.0,41985.0,0.5,0.2
8187,4,65433.18,39319.0,1580.0,289.1800450723873,25825.0,39319.0,0.5,0.2
8230,6,74879.24,36681.0,1201.0,518.23736164932,37680.0,36681.0,0.5,0.2
7795,5,69371.08,38225.0,1449.0,302.08392868603534,30844.0,38225.0,0.5,0.2
