Computing_Time,Num_Of_Var,IWSP,VAP,MTSP,Inventory_Cost,Total_Fixed_Cost,Total_Variable_Cost,Crossover_Rate,Mutation_Rate
38294,10,101950.05,59435.0,2801.0,1292.0541207810468,41223.0,59435.0,0.9,0.5
39237,12,108497.87,60507.0,2877.0,1604.8710859406217,46386.0,60507.0,0.9,0.5,11,115759.13,59106.0,2749.0,1492.1265906375124,55161.0,59106.0,0.9,0.5,8,96330.23,61623.0,3097.0,1136.2292972165728,33571.0,61623.0,0.9,0.5
38563,8,78550.31,61561.0,3035.0,1264.3135051201652,15725.0,61561.0,0.9,0.5
38290,12,116642.24,57959.0,2717.0,1472.241238074207,57211.0,57959.0,0.9,0.5,10,105757.46,60834.0,2935.0,1227.4636823754636,43696.0,60834.0,0.9,0.5,6,92732.84,70782.0,3779.0,1026.841889163655,20924.0,70782.0,0.9,0.5,11,106346.3,60405.0,2789.0,1351.2987826917656,44590.0,60405.0,0.9,0.5
38238,9,105392.98,61552.0,3036.0,1443.9805874250592,42397.0,61552.0,0.9,0.5,9,99395.39,66549.0,3389.0,1488.3932464248112,31358.0,66549.0,0.9,0.5,10,107480.4,62114.0,2903.0,1340.3991681432826,44026.0,62114.0,0.9,0.5
38161,11,110849.23,57831.0,2769.0,1251.2303076539529,51767.0,57831.0,0.9,0.5,11,107820.25,61759.0,2991.0,1287.2513902005057,44774.0,61759.0,0.9,0.5,10,103208.68,61925.0,2974.0,1349.6806876317473,39934.0,61925.0,0.9,0.5
38255,12,121657.97,59847.0,2852.0,1477.9748479332602,60333.0,59847.0,0.9,0.5,10,97224.66,63143.0,3141.0,1299.663626285776,32782.0,63143.0,0.9,0.5,10,112230.86,63705.0,3114.0,1446.8641523970855,47079.0,63705.0,0.9,0.5
38509,10,101268.9,59419.0,2888.0,1449.903686287188,40400.0,59419.0,0.9,0.5
38393,11,105856.51,59067.0,2909.0,1532.5093818901832,45257.0,59067.0,0.9,0.5,12,114765.88,60419.0,2836.0,1288.8757469018865,53058.0,60419.0,0.9,0.5
38715,9,96025.41,62948.0,3210.0,1308.411653645374,31769.0,62948.0,0.9,0.5
38097,11,106138.38,59770.0,2854.0,1352.375051674505,45016.0,59770.0,0.9,0.5,10,99837.68,58933.0,2855.0,1297.6818891916873,39607.0,58933.0,0.9,0.5,7,96376.56,69514.0,3581.0,1088.5578656277453,25774.0,69514.0,0.9,0.5,10,107261.01,59582.0,2825.0,1289.0079627096318,46390.0,59582.0,0.9,0.5
38294,8,103253.97,67580.0,3496.0,1423.9720417674473,34250.0,67580.0,0.9,0.5,10,107837.62,62437.0,3082.0,1387.6197417678056,44013.0,62437.0,0.9,0.5
38733,11,109935.4,60181.0,2829.0,1412.396184264664,48342.0,60181.0,0.9,0.5,11,110955.57,57815.0,2674.0,1560.5671304290217,51580.0,57815.0,0.9,0.5,8,97995.63,65611.0,3464.0,1292.6265292311707,31092.0,65611.0,0.9,0.5,7,92520.58,68075.0,3472.0,1376.5765459947334,23069.0,68075.0,0.9,0.5,9,106574.11,65974.0,3333.0,1356.114745958016,39244.0,65974.0,0.9,0.5
38716,10,101535.03,59793.0,2794.0,1470.0287628386093,40272.0,59793.0,0.9,0.5,11,107448.99,57862.0,2740.0,1490.9931960103277,48096.0,57862.0,0.9,0.5
38534,7,98618.79,67047.0,3496.0,1338.7871745147188,30233.0,67047.0,0.9,0.5,11,123265.2,58967.0,2806.0,1594.1957795757944,62704.0,58967.0,0.9,0.5
38659,8,97780.55,66197.0,3469.0,1093.5540249592784,30490.0,66197.0,0.9,0.5,11,111103.7,61238.0,2921.0,1494.703687264805,48371.0,61238.0,0.9,0.5,13,100905.32,59474.0,2956.0,1584.3153714450439,39847.0,59474.0,0.9,0.5,6,90907.25,72408.0,4051.0,1060.2535122004533,17439.0,72408.0,0.9,0.5
38711,10,107159.4,57390.0,2783.0,1129.395927596788,48640.0,57390.0,0.9,0.5,9,104997.84,61809.0,3163.0,1235.8409392995122,41953.0,61809.0,0.9,0.5,10,100221.88,62576.0,3127.0,1424.8834157384435,36221.0,62576.0,0.9,0.5
38405,15,128570.92,59623.0,2757.0,1693.9152477162393,67254.0,59623.0,0.9,0.5
38092,10,105697.48,60869.0,2973.0,1381.4839255768452,43447.0,60869.0,0.9,0.5,9,103555.49,62913.0,3357.0,987.4892603240958,39655.0,62913.0,0.9,0.5
38242,10,102313.72,57577.0,2790.0,1381.721928044469,43355.0,57577.0,0.9,0.5,8,93968.73,62486.0,3077.0,1353.7339599601169,30129.0,62486.0,0.9,0.5
