Computing_Time,Num_Of_Var,IWSP,VAP,MTSP,Inventory_Cost,Total_Fixed_Cost,Total_Variable_Cost,Crossover_Rate,Mutation_Rate
41820,11,142308.6,72064.0,2834.0,1423.5956558882958,68821.0,72064.0,0.8,0.3
41290,10,131659.03,76000.0,3198.0,1233.0272292257264,54426.0,76000.0,0.8,0.3
41381,9,130509.43,73734.0,2919.0,1042.4317736712792,55733.0,73734.0,0.8,0.3
41018,10,145648.56,74466.0,3048.0,1326.5641378997339,69856.0,74466.0,0.8,0.3
41575,10,143440.78,76164.0,3038.0,1098.7817179115543,66178.0,76164.0,0.8,0.3,8,118044.17,73832.0,3179.0,1320.171357012928,42892.0,73832.0,0.8,0.3
41324,9,130204.62,76847.0,3065.0,1235.621184792066,52122.0,76847.0,0.8,0.3,11,143244.91,73482.0,3078.0,1195.908791545828,68567.0,73482.0,0.8,0.3,12,150202.0,72906.0,2872.0,1512.9980187359395,75783.0,72906.0,0.8,0.3
40635,6,113088.84,81789.0,3542.0,1056.8424933685633,30243.0,81789.0,0.8,0.3,10,132300.92,71512.0,2789.0,1284.9206379115992,59504.0,71512.0,0.8,0.3
40994,10,141833.07,74015.0,2928.0,1160.070948805836,66658.0,74015.0,0.8,0.3
41098,10,142676.44,74994.0,3146.0,1141.441290386018,66541.0,74994.0,0.8,0.3
41228,9,137244.72,80364.0,3450.0,1352.722893585881,55528.0,80364.0,0.8,0.3,11,152458.75,79070.0,3090.0,1209.7502088188035,72179.0,79070.0,0.8,0.3
40903,10,130936.38,73476.0,2922.0,1260.3769006600687,56200.0,73476.0,0.8,0.3
41512,9,127623.01,78059.0,3164.0,1123.013317697776,48441.0,78059.0,0.8,0.3
41592,9,141448.96,75015.0,3120.0,1105.9571850862355,65328.0,75015.0,0.8,0.3,12,143473.55,69940.0,2690.0,1382.5494897421925,72151.0,69940.0,0.8,0.3
41332,10,148234.75,73405.0,2875.0,1249.7526850934507,73580.0,73405.0,0.8,0.3
41103,10,134324.15,72977.0,3001.0,1334.1530861171807,60013.0,72977.0,0.8,0.3,10,134938.22,72938.0,2825.0,1019.2192770938713,60981.0,72938.0,0.8,0.3
41400,8,133540.08,82061.0,3598.0,1128.08338848003,50351.0,82061.0,0.8,0.3
41337,13,149987.16,70972.0,2783.0,1501.1626968730322,77514.0,70972.0,0.8,0.3,15,170452.11,68653.0,2519.0,1567.1112173863864,100232.0,68653.0,0.8,0.3
40656,10,133908.75,75377.0,3102.0,1095.7479501246482,57436.0,75377.0,0.8,0.3
41845,11,147828.53,78263.0,3222.0,1325.5271967464926,68240.0,78263.0,0.8,0.3,11,154077.15,71809.0,2767.0,1164.1487987489338,81104.0,71809.0,0.8,0.3
41227,10,133422.25,74938.0,2998.0,1306.2470969696776,57178.0,74938.0,0.8,0.3
