Computing_Time,Num_Of_Var,IWSP,VAP,MTSP,Inventory_Cost,Total_Fixed_Cost,Total_Variable_Cost,Crossover_Rate,Mutation_Rate
257322,25,314899.14,196797.0,6000.0,5263.142324765697,112839.0,196797.0,0.7,0.4
258614,25,300103.4,196094.0,6289.0,4817.403238930985,99192.0,196094.0,0.7,0.4,18,282374.65,209118.0,7030.0,4121.651421815119,69135.0,209118.0,0.7,0.4
257318,18,296878.84,212663.0,7353.0,3701.839011335293,80514.0,212663.0,0.7,0.4
258048,28,325735.73,193546.0,5921.0,4748.733822913053,127441.0,193546.0,0.7,0.4
258208,24,304787.74,195920.0,6151.0,4351.742793712603,104516.0,195920.0,0.7,0.4
258111,23,307295.45,197614.0,6353.0,4652.44771461524,105029.0,197614.0,0.7,0.4
257591,17,290660.17,218046.0,7593.0,3795.1699245459477,68819.0,218046.0,0.7,0.4
258909,26,306264.53,194669.0,5975.0,4851.525126881931,106744.0,194669.0,0.7,0.4
258753,26,329726.84,204786.0,6473.0,5230.842711865395,119710.0,204786.0,0.7,0.4
258115,18,269445.49,205868.0,7037.0,3514.4920653751924,60063.0,205868.0,0.7,0.4
262011,22,314888.95,210643.0,7009.0,4618.947871442518,99627.0,210643.0,0.7,0.4
260417,25,314329.25,196740.0,6040.0,4789.254858335883,112800.0,196740.0,0.7,0.4
257459,23,288607.06,200444.0,6186.0,4580.064924292449,83583.0,200444.0,0.7,0.4
257395,21,287110.88,206805.0,6950.0,4432.87852172487,75873.0,206805.0,0.7,0.4
257845,26,314507.29,196788.0,6109.0,4799.293737710185,112920.0,196788.0,0.7,0.4,22,291146.02,196885.0,6158.0,4182.0206404031815,90079.0,196885.0,0.7,0.4
257969,17,279025.94,211241.0,7320.0,3451.9444067955105,64333.0,211241.0,0.7,0.4,24,302006.5,199618.0,6232.0,4288.50474948203,98100.0,199618.0,0.7,0.4,21,284385.19,203521.0,6382.0,4315.185949353374,76549.0,203521.0,0.7,0.4
260204,28,317726.4,202682.0,6395.0,4880.396262026027,110164.0,202682.0,0.7,0.4
258379,20,288604.87,201888.0,6583.0,4220.871020100933,82496.0,201888.0,0.7,0.4
256430,25,324436.63,198448.0,6104.0,4631.627845728781,121357.0,198448.0,0.7,0.4
256397,20,284863.31,204023.0,6477.0,4141.305718971894,76699.0,204023.0,0.7,0.4
