Computing_Time,Num_Of_Var,IWSP,VAP,MTSP,Inventory_Cost,Total_Fixed_Cost,Total_Variable_Cost,Crossover_Rate,Mutation_Rate
28298,12,139556.73,73273.0,1703.0,1252.726574552547,65031.0,73273.0,0.7,0.3,13,146992.18,73044.0,1555.0,1269.1766161827966,72679.0,73044.0,0.7,0.3
28147,9,137373.24,79504.0,2272.0,1142.2392591493028,56727.0,79504.0,0.7,0.3
28258,11,148017.55,76469.0,2045.0,1273.549651196498,70275.0,76469.0,0.7,0.3
28973,13,148336.94,73669.0,1824.0,1416.9404752890684,73251.0,73669.0,0.7,0.3
28426,9,120965.57,76961.0,2070.0,1057.5726942178628,42947.0,76961.0,0.7,0.3
27985,10,128211.33,76300.0,1992.0,1224.325166049834,50687.0,76300.0,0.7,0.3
27608,10,133785.3,76426.0,1975.0,1309.304643154501,56050.0,76426.0,0.7,0.3,10,131682.92,76178.0,1984.0,1112.9247451808876,54392.0,76178.0,0.7,0.3
28912,10,126300.81,76529.0,1913.0,1205.8084933103207,48566.0,76529.0,0.7,0.3
28897,9,124579.56,77435.0,2107.0,1011.5578542612297,46133.0,77435.0,0.7,0.3,11,137362.34,73656.0,1671.0,1104.344660405157,62602.0,73656.0,0.7,0.3,10,128873.28,76985.0,2002.0,1228.2789137122277,50660.0,76985.0,0.7,0.3
28098,13,152879.52,72892.0,1663.0,1403.5164644444114,78584.0,72892.0,0.7,0.3
28128,10,130250.97,77169.0,2000.0,1357.9694208718704,51724.0,77169.0,0.7,0.3
27751,12,147680.76,75835.0,1931.0,1323.7606122703512,70522.0,75835.0,0.7,0.3
28465,9,133233.64,78235.0,2215.0,1133.636097891679,53865.0,78235.0,0.7,0.3
27996,14,155514.46,73307.0,1655.0,1379.4552667830396,80828.0,73307.0,0.7,0.3
28342,13,146427.88,71742.0,1663.0,1362.8791897698216,73323.0,71742.0,0.7,0.3
28407,11,139209.16,75819.0,2020.0,1251.1556191844818,62139.0,75819.0,0.7,0.3
28620,11,139611.28,76199.0,1988.0,1165.2760657314216,62247.0,76199.0,0.7,0.3
27756,11,137606.07,75883.0,1860.0,1331.0702615519147,60392.0,75883.0,0.7,0.3
28890,15,165213.1,72034.0,1704.0,1518.1015770622992,91661.0,72034.0,0.7,0.3
29676,13,161000.86,73393.0,1699.0,1396.8637863907536,86211.0,73393.0,0.7,0.3
